0.000,0.000,0.000
-1400.072,-105.841,0.000
-1309.831,-186.032,0.000
-1236.896,-227.353,0.000
-1170.636,-255.222,0.000
-1108.611,-274.852,0.000
-1049.023,-290.655,0.000
-990.775,-305.719,0.000
-935.176,-314.437,0.000
-880.391,-323.027,0.000
-826.661,-330.125,0.000
-774.122,-334.412,0.000
-722.095,-338.658,0.000
-670.758,-341.495,0.000
-620.029,-342.723,0.000
-569.591,-343.943,0.000
-519.580,-343.573,0.000
-469.878,-341.600,0.000
-420.260,-339.630,0.000
-370.693,-337.662,0.000
-321.149,-335.695,0.000
-271.596,-333.728,0.000
-222.004,-330.372,0.000
-172.266,-325.304,0.000
-122.320,-320.214,0.000
-72.133,-315.100,0.000
-21.674,-309.959,0.000
29.090,-304.786,0.000
80.310,-298.478,0.000
132.094,-290.913,0.000
184.375,-283.274,0.000
237.192,-275.558,0.000
290.588,-267.757,0.000
344.604,-259.865,0.000
399.610,-250.344,0.000
455.483,-240.292,0.000
512.197,-230.090,0.000
569.809,-219.725,0.000
628.374,-209.189,0.000
688.251,-197.499,0.000
749.526,-184.748,0.000
812.036,-171.740,0.000
875.858,-158.458,0.000
941.075,-144.887,0.000
1008.400,-129.453,0.000
1077.577,-113.190,0.000
1148.546,-96.505,0.000
1221.423,-79.371,0.000
1296.819,-60.762,0.000
1374.891,-40.728,0.000
1455.884,-19.163,0.000
1539.873,3.699,0.000
-1400.072,-105.841,1.000
-1309.831,-186.032,1.000
-1236.896,-227.353,1.000
-1170.636,-255.222,1.000
-1108.611,-274.852,1.000
-1049.023,-290.655,1.000
-990.775,-305.719,1.000
-935.176,-314.437,1.000
-880.391,-323.027,1.000
-826.661,-330.125,1.000
-774.122,-334.412,1.000
-722.095,-338.658,1.000
-670.758,-341.495,1.000
-620.029,-342.723,1.000
-569.591,-343.943,1.000
-519.580,-343.573,1.000
-469.878,-341.600,1.000
-420.260,-339.630,1.000
-370.693,-337.662,1.000
-321.149,-335.695,1.000
-271.596,-333.728,1.000
-222.004,-330.372,1.000
-172.266,-325.304,1.000
-122.320,-320.214,1.000
-72.133,-315.100,1.000
-21.674,-309.959,1.000
29.090,-304.786,1.000
80.310,-298.478,1.000
132.094,-290.913,1.000
184.375,-283.274,1.000
237.192,-275.558,1.000
290.588,-267.757,1.000
344.604,-259.865,1.000
399.610,-250.344,1.000
455.483,-240.292,1.000
512.197,-230.090,1.000
569.809,-219.725,1.000
628.374,-209.189,1.000
688.251,-197.499,1.000
749.526,-184.748,1.000
812.036,-171.740,1.000
875.858,-158.458,1.000
941.075,-144.887,1.000
1008.400,-129.453,1.000
1077.577,-113.190,1.000
1148.546,-96.505,1.000
1221.423,-79.371,1.000
1296.819,-60.762,1.000
1374.891,-40.728,1.000
1455.884,-19.163,1.000
1539.873,3.699,1.000
-1400.072,-105.841,2.000
-1309.831,-186.032,2.000
-1236.896,-227.353,2.000
-1170.636,-255.222,2.000
-1108.611,-274.852,2.000
-1049.023,-290.655,2.000
-990.775,-305.719,2.000
-935.176,-314.437,2.000
-880.391,-323.027,2.000
-826.661,-330.125,2.000
-774.122,-334.412,2.000
-722.095,-338.658,2.000
-670.758,-341.495,2.000
-620.029,-342.723,2.000
-569.591,-343.943,2.000
-519.580,-343.573,2.000
-469.878,-341.600,2.000
-420.260,-339.630,2.000
-370.693,-337.662,2.000
-321.149,-335.695,2.000
-271.596,-333.728,2.000
-222.004,-330.372,2.000
-172.266,-325.304,2.000
-122.320,-320.214,2.000
-72.133,-315.100,2.000
-21.674,-309.959,2.000
29.090,-304.786,2.000
80.310,-298.478,2.000
132.094,-290.913,2.000
184.375,-283.274,2.000
237.192,-275.558,2.000
290.588,-267.757,2.000
344.604,-259.865,2.000
399.610,-250.344,2.000
455.483,-240.292,2.000
512.197,-230.090,2.000
569.809,-219.725,2.000
628.374,-209.189,2.000
688.251,-197.499,2.000
749.526,-184.748,2.000
812.036,-171.740,2.000
875.858,-158.458,2.000
941.075,-144.887,2.000
1008.400,-129.453,2.000
1077.577,-113.190,2.000
1148.546,-96.505,2.000
1221.423,-79.371,2.000
1296.819,-60.762,2.000
1374.891,-40.728,2.000
1455.884,-19.163,2.000
1539.873,3.699,2.000
-1400.072,-105.841,3.000
-1309.831,-186.032,3.000
-1236.896,-227.353,3.000
-1170.636,-255.222,3.000
-1108.611,-274.852,3.000
-1049.023,-290.655,3.000
-990.775,-305.719,3.000
-935.176,-314.437,3.000
-880.391,-323.027,3.000
-826.661,-330.125,3.000
-774.122,-334.412,3.000
-722.095,-338.658,3.000
-670.758,-341.495,3.000
-620.029,-342.723,3.000
-569.591,-343.943,3.000
-519.580,-343.573,3.000
-469.878,-341.600,3.000
-420.260,-339.630,3.000
-370.693,-337.662,3.000
-321.149,-335.695,3.000
-271.596,-333.728,3.000
-222.004,-330.372,3.000
-172.266,-325.304,3.000
-122.320,-320.214,3.000
-72.133,-315.100,3.000
-21.674,-309.959,3.000
29.090,-304.786,3.000
80.310,-298.478,3.000
132.094,-290.913,3.000
184.375,-283.274,3.000
237.192,-275.558,3.000
290.588,-267.757,3.000
344.604,-259.865,3.000
399.610,-250.344,3.000
455.483,-240.292,3.000
512.197,-230.090,3.000
569.809,-219.725,3.000
628.374,-209.189,3.000
688.251,-197.499,3.000
749.526,-184.748,3.000
812.036,-171.740,3.000
875.858,-158.458,3.000
941.075,-144.887,3.000
1008.400,-129.453,3.000
1077.577,-113.190,3.000
1148.546,-96.505,3.000
1221.423,-79.371,3.000
1296.819,-60.762,3.000
1374.891,-40.728,3.000
1455.884,-19.163,3.000
1539.873,3.699,3.000
-1400.072,-105.841,4.000
-1309.831,-186.032,4.000
-1236.896,-227.353,4.000
-1170.636,-255.222,4.000
-1108.611,-274.852,4.000
-1049.023,-290.655,4.000
-990.775,-305.719,4.000
-935.176,-314.437,4.000
-880.391,-323.027,4.000
-826.661,-330.125,4.000
-774.122,-334.412,4.000
-722.095,-338.658,4.000
-670.758,-341.495,4.000
-620.029,-342.723,4.000
-569.591,-343.943,4.000
-519.580,-343.573,4.000
-469.878,-341.600,4.000
-420.260,-339.630,4.000
-370.693,-337.662,4.000
-321.149,-335.695,4.000
-271.596,-333.728,4.000
-222.004,-330.372,4.000
-172.266,-325.304,4.000
-122.320,-320.214,4.000
-72.133,-315.100,4.000
-21.674,-309.959,4.000
29.090,-304.786,4.000
80.310,-298.478,4.000
132.094,-290.913,4.000
184.375,-283.274,4.000
237.192,-275.558,4.000
290.588,-267.757,4.000
344.604,-259.865,4.000
399.610,-250.344,4.000
455.483,-240.292,4.000
512.197,-230.090,4.000
569.809,-219.725,4.000
628.374,-209.189,4.000
688.251,-197.499,4.000
749.526,-184.748,4.000
812.036,-171.740,4.000
875.858,-158.458,4.000
941.075,-144.887,4.000
1008.400,-129.453,4.000
1077.577,-113.190,4.000
1148.546,-96.505,4.000
1221.423,-79.371,4.000
1296.819,-60.762,4.000
1374.891,-40.728,4.000
1455.884,-19.163,4.000
1539.873,3.699,4.000
-1400.072,-105.841,5.000
-1309.831,-186.032,5.000
-1236.896,-227.353,5.000
-1170.636,-255.222,5.000
-1108.611,-274.852,5.000
-1049.023,-290.655,5.000
-990.775,-305.719,5.000
-935.176,-314.437,5.000
-880.391,-323.027,5.000
-826.661,-330.125,5.000
-774.122,-334.412,5.000
-722.095,-338.658,5.000
-670.758,-341.495,5.000
-620.029,-342.723,5.000
-569.591,-343.943,5.000
-519.580,-343.573,5.000
-469.878,-341.600,5.000
-420.260,-339.630,5.000
-370.693,-337.662,5.000
-321.149,-335.695,5.000
-271.596,-333.728,5.000
-222.004,-330.372,5.000
-172.266,-325.304,5.000
-122.320,-320.214,5.000
-72.133,-315.100,5.000
-21.674,-309.959,5.000
29.090,-304.786,5.000
80.310,-298.478,5.000
132.094,-290.913,5.000
184.375,-283.274,5.000
237.192,-275.558,5.000
290.588,-267.757,5.000
344.604,-259.865,5.000
399.610,-250.344,5.000
455.483,-240.292,5.000
512.197,-230.090,5.000
569.809,-219.725,5.000
628.374,-209.189,5.000
688.251,-197.499,5.000
749.526,-184.748,5.000
812.036,-171.740,5.000
875.858,-158.458,5.000
941.075,-144.887,5.000
1008.400,-129.453,5.000
1077.577,-113.190,5.000
1148.546,-96.505,5.000
1221.423,-79.371,5.000
1296.819,-60.762,5.000
1374.891,-40.728,5.000
1455.884,-19.163,5.000
1539.873,3.699,5.000
-1400.072,-105.841,6.000
-1309.831,-186.032,6.000
-1236.896,-227.353,6.000
-1170.636,-255.222,6.000
-1108.611,-274.852,6.000
-1049.023,-290.655,6.000
-990.775,-305.719,6.000
-935.176,-314.437,6.000
-880.391,-323.027,6.000
-826.661,-330.125,6.000
-774.122,-334.412,6.000
-722.095,-338.658,6.000
-670.758,-341.495,6.000
-620.029,-342.723,6.000
-569.591,-343.943,6.000
-519.580,-343.573,6.000
-469.878,-341.600,6.000
-420.260,-339.630,6.000
-370.693,-337.662,6.000
-321.149,-335.695,6.000
-271.596,-333.728,6.000
-222.004,-330.372,6.000
-172.266,-325.304,6.000
-122.320,-320.214,6.000
-72.133,-315.100,6.000
-21.674,-309.959,6.000
29.090,-304.786,6.000
80.310,-298.478,6.000
132.094,-290.913,6.000
184.375,-283.274,6.000
237.192,-275.558,6.000
290.588,-267.757,6.000
344.604,-259.865,6.000
399.610,-250.344,6.000
455.483,-240.292,6.000
512.197,-230.090,6.000
569.809,-219.725,6.000
628.374,-209.189,6.000
688.251,-197.499,6.000
749.526,-184.748,6.000
812.036,-171.740,6.000
875.858,-158.458,6.000
941.075,-144.887,6.000
1008.400,-129.453,6.000
1077.577,-113.190,6.000
1148.546,-96.505,6.000
1221.423,-79.371,6.000
1296.819,-60.762,6.000
1374.891,-40.728,6.000
1455.884,-19.163,6.000
1539.873,3.699,6.000
-1385.502,-106.511,7.000
-1302.311,-179.894,7.000
-1232.662,-220.387,7.000
-1168.771,-248.281,7.000
-1108.484,-268.714,7.000
-1050.772,-283.918,7.000
-994.156,-298.832,7.000
-939.538,-308.922,7.000
-886.014,-317.268,7.000
-833.161,-325.509,7.000
-781.499,-330.093,7.000
-730.339,-334.258,7.000
-679.579,-338.391,7.000
-629.468,-339.791,7.000
-579.603,-341.018,7.000
-529.934,-342.239,7.000
-480.577,-340.637,7.000
-431.265,-338.730,7.000
-381.946,-336.824,7.000
-332.591,-334.916,7.000
-283.169,-333.005,7.000
-233.650,-331.091,7.000
-183.880,-326.816,7.000
-133.817,-321.797,7.000
-83.454,-316.748,7.000
-32.757,-311.664,7.000
18.309,-306.543,7.000
69.779,-301.381,7.000
121.979,-294.347,7.000
174.818,-286.732,7.000
228.267,-279.028,7.000
282.370,-271.228,7.000
337.172,-263.326,7.000
392.801,-255.000,7.000
449.687,-244.887,7.000
507.511,-234.606,7.000
566.332,-224.146,7.000
626.213,-213.495,7.000
687.230,-202.613,7.000
750.121,-189.661,7.000
814.381,-176.424,7.000
880.095,-162.884,7.000
947.356,-149.023,7.000
1016.629,-133.992,7.000
1088.293,-117.293,7.000
1161.950,-100.125,7.000
1237.731,-82.458,7.000
1316.108,-63.636,7.000
1397.701,-42.859,7.000
1482.455,-20.637,7.000
1570.697,3.215,7.000
-1345.369,-99.451,8.000
-1269.484,-168.690,8.000
-1203.756,-209.673,8.000
-1142.872,-238.309,8.000
-1084.895,-260.256,8.000
-1029.542,-274.835,8.000
-975.114,-289.168,8.000
-921.803,-301.705,8.000
-869.846,-309.805,8.000
-818.436,-317.820,8.000
-767.666,-324.494,8.000
-717.542,-328.575,8.000
-667.714,-332.632,8.000
-618.194,-335.834,8.000
-568.945,-337.045,8.000
-519.799,-338.254,8.000
-470.725,-338.795,8.000
-421.628,-336.897,8.000
-372.434,-334.996,8.000
-323.113,-333.089,8.000
-273.635,-331.176,8.000
-223.969,-329.256,8.000
-174.055,-327.070,8.000
-123.528,-322.004,8.000
-72.601,-316.897,8.000
-21.238,-311.746,8.000
30.599,-306.546,8.000
82.948,-301.294,8.000
135.956,-295.483,8.000
190.021,-287.689,8.000
244.824,-279.787,8.000
300.413,-271.770,8.000
356.841,-263.630,8.000
414.162,-255.360,8.000
472.954,-245.350,8.000
532.999,-234.669,8.000
594.223,-223.776,8.000
656.698,-212.658,8.000
720.504,-201.301,8.000
786.451,-187.976,8.000
854.128,-174.028,8.000
923.523,-159.722,8.000
994.746,-145.036,8.000
1068.471,-128.853,8.000
1144.969,-111.017,8.000
1223.838,-92.624,8.000
1305.239,-73.636,8.000
1390.192,-52.611,8.000
1478.629,-30.078,8.000
1571.408,-5.087,8.000
-1322.229,-51.696,9.000
-1243.705,-155.295,9.000
-1181.081,-198.618,9.000
-1122.755,-228.512,9.000
-1067.134,-250.164,9.000
-1013.239,-267.075,9.000
-960.570,-280.942,9.000
-908.630,-294.615,9.000
-857.712,-304.233,9.000
-807.408,-312.074,9.000
-757.504,-319.852,9.000
-708.052,-325.072,9.000
-658.863,-329.077,9.000
-609.844,-333.068,9.000
-560.935,-335.402,9.000
-512.039,-336.605,9.000
-463.125,-337.808,9.000
-414.056,-337.476,9.000
-364.718,-335.569,9.000
-315.161,-333.653,9.000
-265.354,-331.727,9.000
-215.264,-329.790,9.000
-164.857,-327.840,9.000
-113.866,-324.544,9.000
-62.075,-319.349,9.000
-9.738,-314.098,9.000
43.187,-308.788,9.000
96.742,-303.413,9.000
150.973,-297.969,9.000
206.428,-290.695,9.000
262.967,-282.540,9.000
320.443,-274.247,9.000
378.916,-265.809,9.000
438.449,-257.215,9.000
499.509,-247.413,9.000
562.291,-236.240,9.000
626.464,-224.817,9.000
692.115,-213.128,9.000
759.338,-201.156,9.000
829.080,-187.144,9.000
900.922,-172.329,9.000
974.802,-157.091,9.000
1050.852,-141.400,9.000
1130.202,-123.528,9.000
1212.610,-104.303,9.000
1297.861,-84.409,9.000
1386.325,-63.545,9.000
1479.500,-39.796,9.000
1577.066,-14.145,9.000
-1335.351,12.659,10.000
-1253.776,-146.151,10.000
-1194.257,-190.566,10.000
-1138.253,-221.319,10.000
-1084.231,-245.692,10.000
-1031.652,-265.540,10.000
-980.369,-279.039,10.000
-929.690,-292.379,10.000
-879.586,-305.247,10.000
-830.081,-312.963,10.000
-780.876,-320.631,10.000
-731.938,-328.258,10.000
-683.111,-332.302,10.000
-634.362,-336.271,10.000
-585.662,-340.235,10.000
-536.771,-341.790,10.000
-487.748,-342.996,10.000
-438.587,-344.205,10.000
-388.913,-342.959,10.000
-338.841,-341.022,10.000
-288.421,-339.072,10.000
-237.619,-337.107,10.000
-186.398,-335.125,10.000
-134.723,-333.125,10.000
-81.886,-328.425,10.000
-28.238,-323.041,10.000
26.123,-317.584,10.000
81.246,-312.050,10.000
137.181,-306.432,10.000
194.240,-299.981,10.000
252.951,-291.507,10.000
312.772,-282.872,10.000
373.774,-274.064,10.000
436.029,-265.073,10.000
499.931,-255.183,10.000
566.060,-243.408,10.000
633.834,-231.337,10.000
703.357,-218.951,10.000
774.742,-206.230,10.000
849.262,-191.075,10.000
926.187,-175.203,10.000
1005.541,-158.825,10.000
1087.554,-141.809,10.000
1174.033,-121.627,10.000
1263.715,-100.692,10.000
1356.841,-78.947,10.000
1454.963,-54.554,10.000
1558.174,-27.898,10.000
1667.338,1.649,10.000
-1267.791,-116.827,11.000
-1210.648,-166.147,11.000
-1156.324,-202.231,11.000
-1103.874,-229.091,11.000
-1052.690,-249.244,11.000
-1002.333,-265.952,11.000
-952.589,-279.043,11.000
-903.300,-292.014,11.000
-854.363,-302.968,11.000
-805.574,-310.571,11.000
-756.960,-318.148,11.000
-708.410,-324.796,11.000
-659.662,-328.765,11.000
-610.874,-332.737,11.000
-561.960,-336.309,11.000
-512.557,-337.524,11.000
-462.923,-338.745,11.000
-412.969,-339.676,11.000
-362.092,-337.708,11.000
-310.762,-335.722,11.000
-258.943,-333.716,11.000
-206.595,-331.689,11.000
-153.677,-329.640,11.000
-99.863,-326.637,11.000
-44.537,-321.082,11.000
11.645,-315.439,11.000
68.739,-309.704,11.000
126.802,-303.870,11.000
185.895,-297.930,11.000
247.239,-289.160,11.000
309.934,-280.105,11.000
374.025,-270.846,11.000
439.599,-261.370,11.000
507.061,-251.054,11.000
577.262,-238.546,11.000
649.414,-225.688,11.000
723.645,-212.455,11.000
800.244,-198.574,11.000
880.654,-181.976,11.000
963.792,-164.811,11.000
1049.852,-147.037,11.000
1140.059,-127.167,11.000
1234.847,-105.031,11.000
1333.545,-81.976,11.000
1437.318,-56.836,11.000
1547.209,-28.785,11.000
1664.312,2.923,11.000
-1248.187,8.257,12.000
-1188.671,-117.866,12.000
-1136.564,-160.867,12.000
-1086.181,-194.789,12.000
-1037.011,-220.508,12.000
-988.642,-240.636,12.000
-940.850,-257.990,12.000
-893.377,-270.996,12.000
-846.265,-283.906,12.000
-799.459,-296.467,12.000
-752.451,-304.293,12.000
-705.542,-312.102,12.000
-658.704,-319.901,12.000
-611.452,-324.826,12.000
-564.010,-329.179,12.000
-516.430,-333.542,12.000
-468.308,-336.161,12.000
-419.702,-337.839,12.000
-370.763,-339.524,12.000
-320.992,-339.478,12.000
-270.338,-337.991,12.000
-219.115,-336.481,12.000
-167.282,-334.947,12.000
-114.794,-333.387,12.000
-61.608,-331.800,12.000
-6.714,-327.683,12.000
49.496,-322.501,12.000
106.730,-317.214,12.000
165.054,-311.817,12.000
224.537,-306.301,12.000
285.942,-299.243,12.000
349.500,-290.518,12.000
414.627,-281.565,12.000
481.426,-272.367,12.000
550.004,-262.909,12.000
621.918,-250.777,12.000
696.196,-237.988,12.000
772.840,-224.773,12.000
852.015,-211.102,12.000
935.641,-194.460,12.000
1022.549,-176.958,12.000
1112.839,-158.752,12.000
1207.988,-138.231,12.000
1308.541,-115.184,12.000
1413.702,-91.053,12.000
1525.385,-64.000,12.000
1644.578,-33.493,12.000
-1234.389,-27.831,13.000
-1183.734,-131.957,13.000
-1135.607,-172.612,13.000
-1088.613,-205.927,13.000
-1042.223,-229.656,13.000
-996.346,-250.069,13.000
-950.822,-267.642,13.000
-905.245,-280.194,13.000
-859.844,-291.967,13.000
-814.651,-303.684,13.000
-769.251,-312.900,13.000
-723.522,-319.854,13.000
-677.756,-326.814,13.000
-631.776,-333.085,13.000
-585.063,-336.716,13.000
-538.105,-340.368,13.000
-490.871,-344.042,13.000
-442.574,-345.111,13.000
-393.816,-346.139,13.000
-344.575,-347.178,13.000
-293.849,-345.430,13.000
-242.295,-343.261,13.000
-189.994,-341.063,13.000
-136.897,-338.833,13.000
-82.954,-336.570,13.000
-27.892,-333.780,13.000
29.606,-327.829,13.000
88.316,-321.755,13.000
148.316,-315.549,13.000
209.686,-309.203,13.000
272.664,-302.433,13.000
338.824,-292.696,13.000
406.838,-282.689,13.000
476.827,-272.392,13.000
548.922,-261.788,13.000
624.671,-248.775,13.000
703.545,-234.531,13.000
785.245,-219.778,13.000
869.975,-204.481,13.000
960.249,-185.671,13.000
1054.344,-166.049,13.000
1152.549,-145.572,13.000
1257.643,-121.362,13.000
1368.535,-95.263,13.000
1485.455,-67.490,13.000
1611.714,-35.074,13.000
1747.936,1.825,13.000
-1207.111,-103.974,14.000
-1160.165,-153.011,14.000
-1113.551,-187.563,14.000
-1067.284,-215.287,14.000
-1021.282,-238.654,14.000
-975.105,-256.361,14.000
-929.001,-272.054,14.000
-882.548,-284.105,14.000
-836.224,-296.122,14.000
-789.949,-307.873,14.000
-742.690,-315.067,14.000
-695.304,-322.281,14.000
-647.765,-329.519,14.000
-599.190,-333.824,14.000
-550.131,-337.647,14.000
-500.690,-341.501,14.000
-450.086,-343.221,14.000
-398.701,-344.312,14.000
-346.703,-345.418,14.000
-292.909,-343.719,14.000
-238.035,-341.419,14.000
-182.246,-339.082,14.000
-125.482,-336.707,14.000
-67.683,-334.290,14.000
-7.906,-330.105,14.000
54.286,-323.676,14.000
117.952,-317.096,14.000
183.187,-310.357,14.000
250.089,-303.447,14.000
320.331,-293.854,14.000
393.189,-283.139,14.000
468.320,-272.092,14.000
545.880,-260.689,14.000
627.643,-246.699,14.000
713.082,-231.273,14.000
801.806,-215.257,14.000
894.708,-197.812,14.000
993.546,-177.203,14.000
1096.863,-155.661,14.000
1206.053,-131.982,14.000
1323.196,-104.413,14.000
1446.619,-75.368,14.000
1579.914,-41.716,14.000
1724.295,-3.086,14.000
-1177.628,-10.041,15.000
-1136.546,-110.258,15.000
-1091.875,-153.917,15.000
-1047.146,-187.663,15.000
-1002.150,-213.660,15.000
-957.272,-236.573,15.000
-911.909,-254.292,15.000
-866.390,-269.815,15.000
-820.367,-282.262,15.000
-774.404,-294.693,15.000
-728.311,-306.515,15.000
-681.015,-314.203,15.000
-633.521,-321.921,15.000
-585.801,-329.675,15.000
-536.680,-334.153,15.000
-487.072,-338.493,15.000
-436.998,-342.871,15.000
-385.363,-344.679,15.000
-332.959,-346.255,15.000
-279.780,-347.720,15.000
-224.259,-345.841,15.000
-167.742,-343.922,15.000
-110.165,-341.961,15.000
-51.462,-339.955,15.000
8.438,-337.902,15.000
71.509,-332.509,15.000
136.593,-326.219,15.000
203.388,-319.754,15.000
272.005,-313.104,15.000
343.280,-305.195,15.000
418.434,-294.569,15.000
496.090,-283.577,15.000
576.423,-272.194,15.000
660.785,-258.912,15.000
749.879,-243.247,15.000
842.636,-226.924,15.000
939.841,-209.320,15.000
1043.997,-188.016,15.000
1153.218,-165.657,15.000
1269.450,-140.604,15.000
1394.532,-111.575,15.000
1526.933,-80.767,15.000
1671.685,-44.007,15.000
-1184.846,-52.834,16.000
-1146.142,-132.145,16.000
-1102.936,-171.398,16.000
-1059.465,-203.586,16.000
-1015.138,-227.833,16.000
-970.771,-249.661,16.000
-925.632,-266.758,16.000
-880.090,-281.590,16.000
-833.828,-293.590,16.000
-787.525,-305.601,16.000
-740.900,-316.853,16.000
-692.788,-324.180,16.000
-644.368,-331.557,16.000
-595.562,-338.865,16.000
-544.997,-342.811,16.000
-493.871,-346.803,16.000
-442.051,-350.635,16.000
-388.303,-351.783,16.000
-333.723,-352.952,16.000
-277.721,-353.090,16.000
-219.349,-350.651,16.000
-159.772,-348.163,16.000
-98.912,-345.625,16.000
-36.692,-343.033,16.000
27.761,-339.125,16.000
95.798,-332.100,16.000
165.776,-324.877,16.000
237.825,-317.443,16.000
312.160,-309.678,16.000
391.630,-297.996,16.000
473.959,-285.898,16.000
559.355,-273.350,16.000
649.257,-258.881,16.000
744.747,-241.647,16.000
844.477,-223.651,16.000
949.959,-203.586,16.000
1063.030,-180.015,16.000
1182.054,-155.205,16.000
1311.025,-125.726,16.000
1448.992,-93.261,16.000
1598.315,-56.351,16.000
1762.661,-12.657,16.000
-1140.901,-62.069,17.000
-1103.700,-126.332,17.000
-1062.018,-162.629,17.000
-1020.121,-194.318,17.000
-976.783,-217.845,17.000
-933.340,-239.553,17.000
-888.913,-256.979,17.000
-843.860,-272.062,17.000
-797.929,-284.551,17.000
-751.892,-297.068,17.000
-705.375,-308.725,17.000
-657.124,-316.626,17.000
-608.490,-324.588,17.000
-559.301,-332.305,17.000
-508.128,-336.836,17.000
-456.300,-341.421,17.000
-403.508,-345.542,17.000
-348.625,-347.241,17.000
-292.786,-348.962,17.000
-234.940,-348.992,17.000
-174.695,-346.987,17.000
-113.068,-344.927,17.000
-49.971,-342.808,17.000
14.690,-340.628,17.000
82.979,-335.575,17.000
154.466,-328.693,17.000
228.206,-321.581,17.000
304.355,-314.224,17.000
384.826,-304.452,17.000
469.823,-292.448,17.000
558.202,-279.950,17.000
650.565,-266.544,17.000
750.166,-249.048,17.000
854.508,-230.699,17.000
964.801,-210.629,17.000
1084.235,-186.204,17.000
1210.447,-160.369,17.000
1348.241,-129.268,17.000
1496.374,-94.879,17.000
1658.763,-54.649,17.000
-1117.041,-33.343,18.000
-1086.543,-110.755,18.000
-1048.630,-151.356,18.000
-1008.787,-181.504,18.000
-968.754,-208.882,18.000
-927.378,-230.491,18.000
-885.478,-249.744,18.000
-842.830,-266.480,18.000
-798.961,-279.920,18.000
-754.435,-292.032,18.000
-709.723,-304.193,18.000
-664.137,-314.929,18.000
-616.822,-322.678,18.000
-569.039,-330.500,18.000
-520.459,-337.828,18.000
-469.753,-342.314,18.000
-418.290,-346.861,18.000
-365.629,-350.798,18.000
-310.686,-352.489,18.000
-254.654,-354.207,18.000
-196.197,-354.000,18.000
-135.151,-351.954,18.000
-72.536,-349.845,18.000
-8.247,-347.670,18.000
57.823,-345.425,18.000
128.528,-339.602,18.000
202.463,-332.460,18.000
278.992,-325.054,18.000
358.306,-317.364,18.000
443.619,-306.028,18.000
533.335,-293.323,18.000
627.033,-280.037,18.000
727.080,-264.085,18.000
834.275,-245.212,18.000
947.190,-225.310,18.000
1070.039,-200.980,18.000
1201.648,-174.011,18.000
1344.604,-142.851,18.000
1501.209,-106.458,18.000
1673.317,-64.357,18.000
-1129.575,-48.270,19.000
-1101.985,-122.601,19.000
-1065.642,-162.877,19.000
-1026.433,-191.926,19.000
-987.331,-219.770,19.000
-946.075,-240.755,19.000
-904.461,-260.406,19.000
-861.531,-276.723,19.000
-817.506,-290.730,19.000
-772.257,-302.535,19.000
-726.718,-314.417,19.000
-680.462,-325.604,19.000
-631.803,-333.093,19.000
-582.549,-340.675,19.000
-532.470,-348.035,19.000
-479.733,-352.235,19.000
-426.073,-356.510,19.000
-370.911,-360.061,19.000
-313.106,-361.384,19.000
-253.993,-362.740,19.000
-191.545,-361.452,19.000
-126.437,-358.824,19.000
-59.442,-356.121,19.000
9.567,-353.338,19.000
81.460,-349.591,19.000
159.271,-341.650,19.000
240.032,-333.408,19.000
323.965,-324.842,19.000
413.380,-313.792,19.000
509.191,-299.803,19.000
609.599,-285.143,19.000
716.973,-267.921,19.000
833.101,-247.056,19.000
955.956,-224.980,19.000
1091.291,-197.317,19.000
1236.457,-167.148,19.000
1397.644,-130.301,19.000
1573.368,-89.041,19.000
1773.862,-36.912,19.000
-1129.487,-30.763,20.000
-1103.962,-106.530,20.000
-1070.676,-155.994,20.000
-1032.024,-188.988,20.000
-992.422,-218.303,20.000
-950.583,-241.605,20.000
-908.107,-263.189,20.000
-863.456,-280.184,20.000
-817.932,-295.798,20.000
-770.418,-308.171,20.000
-722.508,-320.648,20.000
-673.816,-332.631,20.000
-622.120,-340.562,20.000
-569.681,-348.610,20.000
-515.877,-355.898,20.000
-459.206,-360.385,20.000
-401.408,-364.963,20.000
-340.981,-367.668,20.000
-278.122,-369.080,20.000
-213.012,-369.692,20.000
-143.325,-366.847,20.000
-71.466,-363.916,20.000
2.714,-360.893,20.000
79.608,-357.511,20.000
163.988,-348.865,20.000
251.805,-339.869,20.000
343.330,-330.495,20.000
442.171,-317.519,20.000
547.769,-302.065,20.000
658.832,-285.812,20.000
780.617,-264.559,20.000
910.729,-241.142,20.000
1052.257,-213.634,20.000
1207.006,-181.435,20.000
1377.913,-143.257,20.000
1566.857,-98.853,20.000
1783.218,-42.878,20.000
-1109.802,-55.873,21.000
-1084.421,-122.468,21.000
-1049.014,-162.137,21.000
-1009.782,-191.798,21.000
-970.305,-220.137,21.000
-927.955,-242.210,21.000
-884.715,-262.576,21.000
-839.825,-280.132,21.000
-792.835,-294.499,21.000
-744.600,-307.542,21.000
-695.883,-320.713,21.000
-644.810,-331.196,21.000
-591.669,-339.800,21.000
-537.661,-348.540,21.000
-480.560,-354.438,21.000
-421.597,-359.535,21.000
-360.750,-364.001,21.000
-296.266,-365.858,21.000
-230.035,-367.758,21.000
-158.378,-365.605,21.000
-83.995,-362.961,21.000
-7.048,-360.215,21.000
72.648,-357.360,21.000
160.726,-348.958,21.000
252.928,-339.884,21.000
349.303,-330.384,21.000
454.467,-316.585,21.000
566.930,-300.483,21.000
686.069,-283.128,21.000
818.452,-259.648,21.000
959.502,-234.609,21.000
1117.008,-202.700,21.000
1288.093,-167.182,21.000
1483.140,-121.673,21.000
1702.017,-67.915,21.000
-1120.447,-57.852,22.000
-1098.356,-124.555,22.000
-1064.874,-163.832,22.000
-1027.506,-193.898,22.000
-989.729,-222.464,22.000
-948.846,-244.887,22.000
-907.327,-266.223,22.000
-863.251,-283.459,22.000
-817.916,-299.201,22.000
-770.276,-312.079,22.000
-722.096,-325.101,22.000
-672.621,-337.256,22.000
-619.735,-345.811,22.000
-565.906,-354.515,22.000
-509.847,-361.808,22.000
-450.721,-366.909,22.000
-390.177,-372.126,22.000
-325.457,-374.396,22.000
-258.496,-376.303,22.000
-186.858,-375.414,22.000
-111.057,-372.703,22.000
-32.448,-369.880,22.000
49.177,-366.937,22.000
138.973,-359.275,22.000
234.416,-349.858,22.000
334.514,-339.967,22.000
444.201,-325.768,22.000
562.466,-308.806,22.000
688.935,-289.978,22.000
830.158,-264.895,22.000
982.123,-237.524,22.000
1154.105,-202.062,22.000
1344.986,-160.640,22.000
1561.626,-110.040,22.000
1817.933,-43.265,22.000
-1087.760,-52.643,23.000
-1066.941,-115.521,23.000
-1036.478,-156.797,23.000
-1001.150,-187.702,23.000
-964.417,-215.483,23.000
-925.389,-239.059,23.000
-884.841,-260.194,23.000
-842.079,-278.149,23.000
-798.266,-295.059,23.000
-751.091,-307.806,23.000
-703.315,-320.713,23.000
-654.897,-333.790,23.000
-602.500,-342.835,23.000
-548.689,-351.527,23.000
-493.472,-360.016,23.000
-433.986,-365.136,23.000
-372.962,-370.382,23.000
-308.294,-373.611,23.000
-240.337,-375.531,23.000
-168.300,-375.634,23.000
-90.707,-372.840,23.000
-10.027,-369.923,23.000
73.982,-366.874,23.000
166.386,-359.509,23.000
265.779,-349.677,23.000
370.404,-339.312,23.000
486.177,-324.127,23.000
611.535,-306.116,23.000
747.735,-285.014,23.000
899.918,-257.945,23.000
1067.694,-226.261,23.000
1256.867,-187.207,23.000
1474.892,-137.531,23.000
1727.124,-75.901,23.000
-1003.622,90.738,24.000
-1028.689,-59.868,24.000
-1009.006,-119.324,24.000
-981.401,-162.093,24.000
-948.030,-193.691,24.000
-912.239,-220.766,24.000
-875.008,-245.365,24.000
-835.197,-266.119,24.000
-793.821,-284.945,24.000
-750.668,-301.819,24.000
-704.662,-315.585,24.000
-657.182,-328.411,24.000
-608.994,-341.425,24.000
-557.724,-351.862,24.000
-503.795,-360.570,24.000
-448.681,-369.463,24.000
-389.291,-375.320,24.000
-327.602,-380.617,24.000
-262.779,-384.706,24.000
-193.578,-386.653,24.000
-120.816,-387.589,24.000
-41.068,-384.705,24.000
42.092,-381.685,24.000
128.941,-378.519,24.000
224.812,-371.128,24.000
328.914,-360.811,24.000
438.945,-349.890,24.000
562.535,-333.192,24.000
696.483,-313.920,24.000
845.292,-289.710,24.000
1011.045,-260.194,24.000
1199.765,-222.710,24.000
1414.380,-176.992,24.000
1666.524,-117.971,24.000
-1059.531,-27.348,25.000
-1039.663,-85.975,25.000
-1019.860,-142.069,25.000
-988.340,-177.745,25.000
-952.549,-206.292,25.000
-915.899,-233.391,25.000
-875.877,-255.777,25.000
-834.563,-276.765,25.000
-790.046,-294.111,25.000
-743.948,-310.267,25.000
-694.385,-323.188,25.000
-643.997,-336.327,25.000
-591.794,-348.658,25.000
-535.007,-357.392,25.000
-476.857,-366.340,25.000
-414.827,-373.084,25.000
-349.252,-378.302,25.000
-280.452,-382.590,25.000
-206.293,-384.279,25.000
-127.730,-384.636,25.000
-41.360,-381.134,25.000
49.001,-377.473,25.000
143.693,-373.640,25.000
251.821,-363.047,25.000
367.103,-351.257,25.000
492.459,-336.682,25.000
633.782,-316.013,25.000
788.057,-292.290,25.000
964.565,-260.532,25.000
1164.542,-221.453,25.000
1395.198,-172.381,25.000
1671.011,-107.229,25.000
-1095.035,-45.980,26.000
-1075.188,-104.544,26.000
-1052.238,-156.400,26.000
-1019.079,-192.463,26.000
-980.616,-220.925,26.000
-941.524,-248.606,26.000
-897.884,-270.795,26.000
-852.518,-291.483,26.000
-804.440,-309.759,26.000
-752.306,-324.457,26.000
-698.437,-338.520,26.000
-643.513,-352.820,26.000
-582.336,-362.243,26.000
-519.577,-371.913,26.000
-452.369,-379.269,26.000
-381.009,-384.959,26.000
-305.058,-388.935,26.000
-223.621,-390.801,26.000
-134.610,-389.281,26.000
-38.595,-385.395,26.000
62.199,-381.320,26.000
173.899,-372.901,26.000
297.410,-360.272,26.000
430.306,-345.878,26.000
582.999,-323.548,26.000
750.387,-297.807,26.000
943.223,-263.111,26.000
1165.376,-218.871,26.000
1426.735,-161.459,26.000
1745.241,-83.800,26.000
-1095.461,-39.872,27.000
-1076.254,-97.949,27.000
-1055.633,-152.080,27.000
-1023.294,-189.464,27.000
-984.903,-218.846,27.000
-946.172,-247.895,27.000
-902.037,-270.867,27.000
-856.278,-292.641,27.000
-807.328,-311.733,27.000
-754.073,-327.342,27.000
-698.805,-342.211,27.000
-642.025,-357.006,27.000
-578.705,-367.160,27.000
-513.634,-377.588,27.000
-442.796,-384.917,27.000
-368.124,-391.245,27.000
-286.987,-394.724,27.000
-200.920,-397.049,27.000
-103.566,-393.768,27.000
-0.715,-389.935,27.000
107.956,-385.667,27.000
234.789,-373.000,27.000
370.154,-359.463,27.000
525.187,-338.613,27.000
696.362,-313.867,27.000
897.506,-278.246,27.000
1129.237,-233.332,27.000
1406.177,-173.254,27.000
1750.750,-89.400,27.000
-1013.346,68.600,28.000
-1045.213,-58.069,28.000
-1026.866,-113.644,28.000
-1006.288,-164.662,28.000
-974.774,-201.197,28.000
-936.880,-229.981,28.000
-898.798,-258.720,28.000
-855.051,-281.595,28.000
-809.658,-303.424,28.000
-760.810,-322.579,28.000
-707.503,-338.447,28.000
-651.924,-353.502,28.000
-594.753,-368.549,28.000
-530.513,-378.950,28.000
-464.366,-389.649,28.000
-391.784,-397.105,28.000
-315.162,-403.694,28.000
-230.978,-407.048,28.000
-141.173,-409.130,28.000
-38.742,-405.416,28.000
69.396,-401.475,28.000
187.372,-394.967,28.000
323.271,-381.479,28.000
470.765,-366.007,28.000
644.066,-341.053,28.000
840.516,-309.755,28.000
1069.764,-268.409,28.000
1347.709,-210.942,28.000
1700.904,-127.403,28.000
-1032.853,-27.599,29.000
-1017.316,-83.208,29.000
-1000.151,-135.210,29.000
-972.496,-174.100,29.000
-938.337,-205.484,29.000
-901.123,-233.722,29.000
-860.675,-259.000,29.000
-817.103,-281.781,29.000
-769.528,-301.569,29.000
-718.958,-319.663,29.000
-663.497,-334.681,29.000
-606.714,-350.049,29.000
-544.676,-362.672,29.000
-477.994,-373.450,29.000
-406.990,-382.978,29.000
-329.055,-389.668,29.000
-245.163,-394.708,29.000
-153.481,-397.264,29.000
-49.335,-394.830,29.000
63.364,-390.701,29.000
185.038,-385.160,29.000
329.478,-370.794,29.000
487.457,-354.202,29.000
676.326,-326.966,29.000
896.444,-290.841,29.000
1162.041,-240.788,29.000
1498.921,-167.534,29.000
-1044.901,-9.428,30.000
-1046.199,-81.196,30.000
-1029.723,-131.131,30.000
-1008.401,-174.776,30.000
-977.950,-208.474,30.000
-941.421,-236.192,30.000
-904.357,-263.746,30.000
-861.272,-286.268,30.000
-816.174,-307.824,30.000
-767.183,-327.021,30.000
-712.853,-343.026,30.000
-655.923,-358.423,30.000
-596.445,-373.446,30.000
-528.990,-384.334,30.000
-459.140,-395.597,30.000
-379.848,-402.628,30.000
-295.939,-409.233,30.000
-201.247,-411.849,30.000
-95.257,-410.890,30.000
23.006,-406.526,30.000
150.023,-401.485,30.000
305.080,-386.022,30.000
477.527,-367.347,30.000
686.484,-337.161,30.000
940.213,-293.840,30.000
1259.973,-230.606,30.000
1698.443,-129.035,30.000
-997.130,12.838,31.000
-1011.364,-68.687,31.000
-995.513,-116.746,31.000
-979.939,-163.966,31.000
-950.949,-197.646,31.000
-917.062,-226.832,31.000
-880.878,-254.284,31.000
-840.500,-278.640,31.000
-797.161,-301.284,31.000
-748.837,-320.895,31.000
-696.805,-338.847,31.000
-639.537,-354.322,31.000
-580.626,-370.234,31.000
-513.898,-382.520,31.000
-442.777,-393.970,31.000
-363.796,-402.707,31.000
-278.183,-409.998,31.000
-180.892,-413.353,31.000
-71.836,-413.482,31.000
53.297,-408.831,31.000
188.376,-403.526,31.000
356.901,-386.676,31.000
550.195,-364.394,31.000
786.072,-330.206,31.000
1090.571,-275.588,31.000
1513.768,-184.368,31.000
-951.128,77.490,32.000
-1008.662,-46.103,32.000
-1003.332,-105.002,32.000
-987.174,-152.447,32.000
-965.943,-194.569,32.000
-935.036,-228.043,32.000
-897.271,-256.061,32.000
-858.479,-283.795,32.000
-812.951,-307.043,32.000
-764.264,-328.961,32.000
-711.478,-349.138,32.000
-650.554,-365.160,32.000
-587.737,-381.681,32.000
-517.760,-395.526,32.000
-441.087,-407.465,32.000
-355.685,-416.766,32.000
-262.193,-424.350,32.000
-153.932,-427.167,32.000
-28.951,-425.157,32.000
112.318,-419.564,32.000
277.516,-407.796,32.000
474.552,-387.764,32.000
725.330,-352.055,32.000
1048.375,-296.363,32.000
1515.584,-197.311,32.000
-1051.514,4.311,33.000
-1071.760,-79.371,33.000
-1054.958,-128.767,33.000
-1038.377,-177.495,33.000
-1008.224,-214.832,33.000
-970.593,-246.568,33.000
-930.060,-276.668,33.000
-882.673,-302.612,33.000
-831.295,-326.872,33.000
-774.283,-348.681,33.000
-708.358,-366.399,33.000
-639.815,-384.440,33.000
-561.407,-398.777,33.000
-476.599,-411.992,33.000
-377.994,-420.549,33.000
-268.077,-426.596,33.000
-140.952,-427.947,33.000
11.396,-421.913,33.000
184.908,-411.830,33.000
400.945,-389.862,33.000
678.567,-350.822,33.000
1052.276,-285.068,33.000
1646.703,-152.814,33.000
-1068.996,-2.090,34.000
-1088.060,-82.172,34.000
-1071.725,-131.709,34.000
-1055.594,-180.629,34.000
-1025.370,-218.595,34.000
-987.189,-251.082,34.000
-946.128,-282.158,34.000
-897.164,-308.795,34.000
-843.677,-333.699,34.000
-783.895,-356.130,34.000
-714.686,-374.718,34.000
-643.011,-393.960,34.000
-557.322,-407.861,34.000
-464.235,-420.700,34.000
-357.112,-429.688,34.000
-232.128,-433.904,34.000
-81.172,-430.816,34.000
90.384,-424.260,34.000
313.310,-402.992,34.000
598.524,-365.839,34.000
995.226,-298.493,34.000
1696.038,-141.045,34.000
-907.180,78.754,35.000
-962.871,-29.635,35.000
-969.244,-96.027,35.000
-953.334,-144.285,35.000
-935.869,-190.795,35.000
-904.346,-227.301,35.000
-864.400,-258.576,35.000
-822.501,-289.307,35.000
-771.945,-315.622,35.000
-716.070,-340.065,35.000
-652.797,-361.851,35.000
-581.302,-381.036,35.000
-503.944,-399.353,35.000
-413.693,-413.736,35.000
-310.947,-425.173,35.000
-192.825,-433.138,35.000
-51.519,-435.231,35.000
123.616,-428.522,35.000
337.084,-413.264,35.000
619.484,-380.522,35.000
1030.211,-313.803,35.000
-955.327,29.751,36.000
-981.664,-50.490,36.000
-975.856,-105.305,36.000
-960.320,-152.434,36.000
-939.547,-195.601,36.000
-906.929,-231.117,36.000
-866.065,-262.038,36.000
-821.864,-291.802,36.000
-770.502,-318.531,36.000
-711.631,-342.530,36.000
-643.955,-363.638,36.000
-569.760,-383.536,36.000
-484.754,-400.625,36.000
-389.449,-415.797,36.000
-274.287,-425.607,36.000
-139.294,-431.251,36.000
30.616,-428.093,36.000
232.932,-419.074,36.000
511.498,-390.932,36.000
937.961,-324.738,36.000
-932.391,57.579,37.000
-975.933,-33.758,37.000
-985.686,-99.525,37.000
-969.488,-147.263,37.000
-953.419,-194.609,37.000
-921.217,-232.213,37.000
-880.227,-265.308,37.000
-836.150,-297.545,37.000
-781.803,-325.480,37.000
-720.561,-351.441,37.000
-649.100,-374.318,37.000
-569.138,-395.516,37.000
-476.140,-413.623,37.000
-369.436,-429.148,37.000
-240.777,-439.728,37.000
-82.352,-443.794,37.000
127.481,-435.604,37.000
404.270,-413.037,37.000
824.405,-356.508,37.000
-975.699,4.977,38.000
-999.685,-68.158,38.000
-985.524,-116.923,38.000
-969.930,-164.410,38.000
-944.894,-206.505,38.000
-907.749,-242.522,38.000
-863.811,-275.877,38.000
-811.580,-306.322,38.000
-751.461,-334.572,38.000
-680.539,-359.884,38.000
-597.278,-382.295,38.000
-501.993,-402.663,38.000
-389.564,-419.825,38.000
-250.525,-431.508,38.000
-69.695,-434.297,38.000
170.799,-425.090,38.000
536.989,-388.290,38.000
-1044.250,4.642,39.000
-1066.985,-64.664,39.000
-1061.857,-117.041,39.000
-1046.612,-163.477,39.000
-1026.885,-207.436,39.000
-993.072,-244.767,39.000
-949.095,-278.140,39.000
-899.605,-310.183,39.000
-841.101,-339.827,39.000
-771.538,-366.839,39.000
-685.605,-389.945,39.000
-589.314,-412.174,39.000
-472.460,-430.798,39.000
-323.042,-443.312,39.000
-118.785,-445.157,39.000
170.382,-431.327,39.000
720.203,-362.685,39.000
-1049.296,16.448,40.000
-1071.457,-52.300,40.000
-1079.793,-112.326,40.000
-1063.725,-159.670,40.000
-1047.716,-206.832,40.000
-1014.433,-246.490,40.000
-969.741,-282.107,40.000
-919.340,-316.584,40.000
-857.730,-348.269,40.000
-782.893,-377.138,40.000
-689.148,-402.115,40.000
-580.390,-425.475,40.000
-443.260,-444.227,40.000
-260.179,-455.244,40.000
14.855,-449.593,40.000
519.249,-400.599,40.000
-997.806,39.656,41.000
-1041.679,-38.058,41.000
-1062.991,-102.951,41.000
-1050.965,-151.956,41.000
-1035.531,-199.279,41.000
-1011.024,-242.991,41.000
-971.553,-281.525,41.000
-923.624,-318.029,41.000
-863.172,-351.692,41.000
-790.280,-383.269,41.000
-697.501,-411.341,41.000
-587.967,-437.866,41.000
-443.718,-459.294,41.000
-240.795,-472.006,41.000
92.135,-464.036,41.000
-1125.952,20.118,42.000
-1156.192,-48.480,42.000
-1175.164,-110.744,42.000
-1158.986,-158.728,42.000
-1142.821,-206.671,42.000
-1113.639,-250.373,42.000
-1068.726,-289.786,42.000
-1015.368,-327.918,42.000
-946.404,-363.342,42.000
-857.605,-395.888,42.000
-745.306,-425.812,42.000
-597.018,-451.752,42.000
-379.554,-469.210,42.000
32.301,-459.840,42.000
-1107.513,39.281,43.000
-1182.601,-44.748,43.000
-1202.803,-106.213,43.000
-1208.721,-161.601,43.000
-1193.075,-209.566,43.000
-1177.364,-257.547,43.000
-1140.904,-300.035,43.000
-1089.316,-339.624,43.000
-1026.676,-378.110,43.000
-945.675,-414.563,43.000
-835.471,-447.887,43.000
-690.354,-478.665,43.000
137.860,-479.189,43.000
-1049.311,107.718,44.000
-1228.724,-10.441,44.000
-1264.457,-77.112,44.000
-1283.796,-137.134,44.000
-1275.881,-188.584,44.000
-1259.442,-237.704,44.000
-1233.541,-284.785,44.000
-1187.366,-328.080,44.000
-1128.947,-370.281,44.000
-1048.467,-410.339,44.000
-936.116,-447.904,44.000
-781.736,-483.266,44.000
-524.426,-511.194,44.000
-1242.121,74.036,45.000
-1341.351,-8.947,45.000
-1371.571,-70.503,45.000
-1390.483,-127.864,45.000
-1383.368,-178.576,45.000
-1367.529,-227.464,45.000
-1342.525,-274.956,45.000
-1295.673,-319.567,45.000
-1234.382,-363.534,45.000
-1146.719,-406.182,45.000
-1016.838,-447.264,45.000
-817.640,-486.657,45.000
-1370.420,83.688,46.000
-1455.290,9.638,46.000
-1482.808,-49.765,46.000
-1500.949,-106.155,46.000
-1493.135,-157.457,46.000
-1476.393,-207.494,46.000
-1448.458,-256.494,46.000
-1395.914,-303.671,46.000
-1323.992,-350.811,46.000
-1217.777,-397.916,46.000
-1043.638,-445.050,46.000
-1292.858,161.654,47.000
-1464.328,71.251,47.000
-1535.479,3.260,47.000
-1555.957,-54.758,47.000
-1574.217,-111.506,47.000
-1558.663,-163.822,47.000
-1541.111,-216.313,47.000
-1503.101,-267.826,47.000
-1437.188,-319.076,47.000
-1340.139,-371.443,47.000
-1166.567,-425.797,47.000
-1311.274,216.506,48.000
-1441.817,143.012,48.000
-1509.264,81.012,48.000
-1534.018,25.324,48.000
-1552.049,-28.860,48.000
-1546.147,-81.030,48.000
-1529.512,-132.936,48.000
-1499.526,-185.125,48.000
-1438.371,-238.329,48.000
-1344.962,-294.232,48.000
-1155.915,-356.770,48.000
-1169.841,272.898,49.000
-1286.451,209.964,49.000
-1353.726,153.835,49.000
-1386.262,101.368,49.000
-1403.251,50.372,49.000
-1412.980,-0.000,49.000
-1396.807,-50.485,49.000
-1380.436,-101.572,49.000
-1332.815,-154.931,49.000
-1252.775,-212.319,49.000
-1091.740,-279.731,49.000
-741.678,365.193,50.000
-1045.295,294.010,50.000
-1166.163,236.697,50.000
-1235.898,183.637,50.000
-1278.673,132.540,50.000
-1294.972,81.982,50.000
-1311.106,31.923,50.000
-1300.320,-19.546,50.000
-1282.882,-72.100,50.000
-1245.734,-127.497,50.000
-1167.552,-189.434,50.000
-978.215,-269.995,50.000
-700.784,374.884,51.000
-889.425,318.510,51.000
-995.158,265.795,51.000
-1104.687,164.099,51.000
-1121.291,112.613,51.000
-1137.761,61.537,51.000
-1124.388,7.185,51.000
-1105.887,-48.589,51.000
-1055.567,-110.325,51.000
-940.721,-185.542,51.000
-467.049,401.426,52.000
-705.556,352.472,52.000
-839.655,304.462,52.000
-922.766,256.560,52.000
-983.031,209.017,52.000
-1019.286,160.458,52.000
-1035.995,110.213,52.000
-1052.597,60.288,52.000
-1037.047,4.998,52.000
-1018.719,-51.718,52.000
-956.093,-118.878,52.000
-786.886,-213.338,52.000
-263.828,390.029,53.000
-545.268,352.298,53.000
-694.667,310.413,53.000
-792.577,267.277,53.000
-862.028,223.382,53.000
-914.965,179.086,53.000
-946.979,132.708,53.000
-963.156,84.087,53.000
-979.260,35.685,53.000
-962.699,-20.054,53.000
-944.183,-77.312,53.000
-871.566,-150.216,53.000
197.636,387.083,54.000
-335.507,381.942,54.000
-533.005,348.258,54.000
-665.249,310.986,54.000
-757.030,271.001,54.000
-825.370,229.427,54.000
-879.320,186.905,54.000
-915.046,141.750,54.000
-930.988,92.548,54.000
-946.892,43.466,54.000
-935.376,-13.383,54.000
-915.473,-73.772,54.000
-836.765,-154.614,54.000
626.292,369.295,55.000
-333.282,386.171,55.000
-483.522,355.855,55.000
-596.963,322.773,55.000
-680.199,286.447,55.000
-744.979,248.142,55.000
-797.545,208.502,55.000
-835.393,166.112,55.000
-853.210,118.499,55.000
-869.299,70.440,55.000
-866.430,15.869,55.000
-846.616,-45.630,55.000
-780.715,-126.303,55.000
618.604,344.944,56.000
20.133,386.766,56.000
-225.900,374.924,56.000
-390.550,352.825,56.000
-510.149,325.087,56.000
-608.100,295.499,56.000
-683.439,262.584,56.000
-744.590,227.644,56.000
-793.756,190.581,56.000
-832.369,151.188,56.000
-854.638,106.726,56.000
-870.308,59.944,56.000
-878.619,10.109,56.000
-858.523,-52.199,56.000
-816.019,-126.122,56.000
903.674,304.244,57.000
227.378,379.630,57.000
-71.604,385.256,57.000
-262.978,372.580,57.000
-402.402,351.602,57.000
-510.204,325.636,57.000
-602.403,298.106,57.000
-675.398,266.886,57.000
-736.479,233.516,57.000
-784.495,196.850,57.000
-824.875,158.291,57.000
-850.552,114.364,57.000
-866.190,66.215,57.000
-878.755,16.428,57.000
-856.705,-50.617,57.000
-807.636,-133.356,57.000
875.963,303.602,58.000
343.025,367.257,58.000
61.571,378.090,58.000
-132.573,372.214,58.000
-279.864,357.866,58.000
-399.179,338.892,58.000
-492.397,314.380,58.000
-576.236,289.230,58.000
-644.858,260.540,58.000
-704.044,229.848,58.000
-750.433,195.083,58.000
-792.007,159.160,58.000
-821.830,118.380,58.000
-837.780,70.880,58.000
-853.811,23.133,58.000
-838.291,-42.433,58.000
-799.369,-123.338,58.000
842.665,301.920,59.000
428.756,351.398,59.000
171.671,364.978,59.000
-23.770,366.514,59.000
-171.332,357.506,59.000
-291.334,342.987,59.000
-393.867,325.433,59.000
-477.263,303.111,59.000
-553.549,280.223,59.000
-617.818,254.057,59.000
-673.158,225.368,59.000
-719.105,193.349,59.000
-761.654,160.568,59.000
-794.229,123.143,59.000
-811.701,77.415,59.000
-827.500,30.367,59.000
-825.368,-28.325,59.000
-801.329,-102.614,59.000
1618.531,140.313,60.000
855.564,293.960,60.000
471.934,345.531,60.000
205.109,368.685,60.000
4.332,376.156,60.000
-156.093,374.481,60.000
-285.497,365.255,60.000
-394.922,351.547,60.000
-491.557,335.510,60.000
-570.621,314.041,60.000
-645.412,292.811,60.000
-708.878,267.812,60.000
-763.464,239.659,60.000
-811.286,208.974,60.000
-854.050,176.312,60.000
-888.727,139.414,60.000
-910.623,94.625,60.000
-926.628,45.609,60.000
-930.251,-12.679,60.000
-903.448,-94.388,60.000
1399.263,178.344,61.000
883.436,276.851,61.000
553.427,323.411,61.000
307.758,348.123,61.000
121.035,356.802,61.000
-41.636,361.469,61.000
-173.804,357.709,61.000
-285.149,348.382,61.000
-382.166,335.516,61.000
-470.729,321.341,61.000
-544.251,301.683,61.000
-615.153,282.721,61.000
-675.987,259.823,61.000
-730.183,234.439,61.000
-779.475,207.222,61.000
-821.117,175.963,61.000
-859.194,142.932,61.000
-888.680,104.189,61.000
-905.060,55.617,61.000
-921.627,6.476,61.000
-901.436,-73.205,61.000
1845.324,80.921,62.000
1222.458,223.140,62.000
833.717,294.575,62.000
551.484,335.483,62.000
335.186,357.571,62.000
156.381,370.133,62.000
4.879,375.877,62.000
-125.901,376.496,62.000
-238.144,371.876,62.000
-336.841,363.617,62.000
-423.297,351.607,62.000
-503.790,338.820,62.000
-572.498,321.236,62.000
-638.162,303.714,62.000
-697.285,283.695,62.000
-750.747,261.325,62.000
-798.939,236.462,62.000
-841.217,208.208,62.000
-880.800,178.590,62.000
-913.863,144.275,62.000
-936.777,101.630,62.000
-953.284,52.960,62.000
-959.992,-5.447,62.000
-927.138,-102.375,62.000
1628.179,110.230,63.000
1184.186,207.334,63.000
866.047,265.470,63.000
620.335,301.937,63.000
419.702,325.663,63.000
246.146,343.066,63.000
106.576,348.823,63.000
-22.321,353.689,63.000
-134.125,353.326,63.000
-233.678,349.537,63.000
-321.971,342.144,63.000
-402.329,332.552,63.000
-475.742,320.892,63.000
-542.977,307.222,63.000
-603.868,290.981,63.000
-663.055,275.191,63.000
-715.098,255.493,63.000
-763.430,234.087,63.000
-808.358,210.923,63.000
-847.691,183.797,63.000
-885.297,155.676,63.000
-917.264,122.731,63.000
-940.549,81.447,63.000
-957.048,32.788,63.000
-965.840,-24.995,63.000
1531.711,131.103,64.000
1185.102,204.857,64.000
917.704,253.387,64.000
699.851,286.920,64.000
513.677,311.885,64.000
356.869,327.600,64.000
217.474,339.097,64.000
98.295,343.597,64.000
-13.536,347.804,64.000
-111.722,347.191,64.000
-201.633,344.449,64.000
-281.470,337.764,64.000
-357.019,330.620,64.000
-424.525,319.903,64.000
-489.790,309.536,64.000
-547.397,294.993,64.000
-602.800,280.223,64.000
-656.084,265.134,64.000
-703.989,246.626,64.000
-748.692,226.240,64.000
-790.992,204.445,64.000
-828.495,178.608,64.000
-864.538,151.673,64.000
-896.173,120.302,64.000
-920.804,81.081,64.000
-937.441,31.988,64.000
-950.920,-22.286,64.000
1547.520,121.366,65.000
1238.714,188.261,65.000
989.282,235.664,65.000
778.527,271.306,65.000
599.029,297.027,65.000
443.101,315.440,65.000
304.217,329.094,65.000
180.496,338.104,65.000
71.212,341.952,65.000
-32.088,345.561,65.000
-124.843,345.250,65.000
-210.283,342.698,65.000
-287.280,336.504,65.000
-360.777,330.029,65.000
-427.030,319.894,65.000
-490.586,309.459,65.000
-549.376,296.665,65.000
-604.050,281.709,65.000
-657.550,267.064,65.000
-706.556,249.324,65.000
-753.015,230.056,65.000
-795.638,207.617,65.000
-835.774,183.077,65.000
-872.492,155.063,65.000
-906.992,124.566,65.000
-936.059,87.294,65.000
-953.445,34.465,65.000
-971.243,-19.610,65.000
1780.424,61.502,66.000
1457.048,138.971,66.000
1196.463,194.481,66.000
977.168,236.422,66.000
785.782,270.182,66.000
622.609,293.780,66.000
473.936,314.241,66.000
344.910,327.169,66.000
224.017,339.268,66.000
118.144,345.027,66.000
20.165,348.728,66.000
-73.007,352.238,66.000
-157.499,352.114,66.000
-236.123,350.055,66.000
-308.397,345.200,66.000
-377.022,339.472,66.000
-440.984,331.646,66.000
-501.110,322.128,66.000
-559.617,312.799,66.000
-611.997,298.872,66.000
-663.367,285.212,66.000
-713.524,271.511,66.000
-759.204,253.903,66.000
-802.951,234.898,66.000
-844.272,213.649,66.000
-882.653,189.175,66.000
-918.901,162.123,66.000
-952.509,131.450,66.000
-980.425,92.339,66.000
-998.782,38.056,66.000
-1007.020,-34.034,66.000
1764.721,65.122,67.000
1477.923,133.928,67.000
1238.002,186.081,67.000
1030.698,227.424,67.000
850.624,259.312,67.000
690.719,284.686,67.000
546.638,305.233,67.000
416.711,321.096,67.000
299.252,332.567,67.000
188.358,343.369,67.000
90.870,347.538,67.000
-1.161,350.701,67.000
-89.148,353.702,67.000
-170.046,353.532,67.000
-245.576,351.220,67.000
-316.095,346.673,67.000
-382.886,340.745,67.000
-446.323,333.508,67.000
-505.556,323.751,67.000
-563.420,314.209,67.000
-616.598,300.959,67.000
-667.950,286.883,67.000
-718.480,273.026,67.000
-765.172,255.449,67.000
-810.150,236.460,67.000
-852.289,214.271,67.000
-892.278,189.427,67.000
-929.676,160.902,67.000
-964.824,128.738,67.000
-993.808,86.194,67.000
-1013.414,26.638,67.000
-1002.071,-89.384,67.000
1691.210,72.584,68.000
1450.749,128.939,68.000
1243.750,173.293,68.000
1059.876,210.376,68.000
898.146,239.332,68.000
750.895,264.202,68.000
618.981,283.359,68.000
495.218,301.326,68.000
385.912,312.463,68.000
282.401,322.926,68.000
184.613,332.394,68.000
97.727,335.803,68.000
14.415,339.069,68.000
-65.587,342.205,68.000
-140.587,343.286,68.000
-210.307,341.603,68.000
-277.083,339.180,68.000
-339.443,334.136,68.000
-400.163,329.226,68.000
-456.873,321.498,68.000
-511.599,313.014,68.000
-565.226,304.702,68.000
-614.369,291.975,68.000
-662.729,279.323,68.000
-710.436,266.844,68.000
-755.056,250.858,68.000
-798.534,233.866,68.000
-839.305,213.161,68.000
-879.111,191.125,68.000
-915.900,163.975,68.000
-952.143,135.473,68.000
-984.452,99.023,68.000
-1005.700,39.559,68.000
-1013.343,-51.252,68.000
1679.486,60.815,69.000
1461.810,112.190,69.000
1269.301,154.855,69.000
1097.815,190.107,69.000
944.469,218.658,69.000
803.719,243.554,69.000
675.818,263.715,69.000
558.011,280.513,69.000
446.675,296.359,69.000
347.029,306.115,69.000
252.012,315.399,69.000
161.255,324.249,69.000
79.025,328.098,69.000
0.832,330.825,69.000
-74.573,333.442,69.000
-147.379,335.956,69.000
-214.397,334.503,69.000
-279.070,332.583,69.000
-340.435,328.801,69.000
-399.167,323.673,69.000
-456.577,318.654,69.000
-510.040,310.015,69.000
-562.531,301.475,69.000
-613.781,292.538,69.000
-661.548,279.599,69.000
-708.778,266.801,69.000
-755.511,254.135,69.000
-799.382,237.435,69.000
-842.360,219.661,69.000
-883.252,198.358,69.000
-922.969,174.779,69.000
-960.490,146.459,69.000
-996.827,114.857,69.000
-1028.268,71.119,69.000
-1050.717,3.769,69.000
1830.913,15.163,70.000
1613.522,71.095,70.000
1424.622,115.394,70.000
1254.856,153.092,70.000
1101.617,184.889,70.000
962.098,211.877,70.000
834.224,234.809,70.000
714.660,255.729,70.000
606.211,271.524,70.000
503.295,286.511,70.000
406.587,299.650,70.000
317.883,308.670,70.000
232.897,317.312,70.000
151.353,325.602,70.000
76.023,330.209,70.000
4.705,333.065,70.000
-64.307,335.829,70.000
-131.162,338.508,70.000
-195.102,339.960,70.000
-255.136,338.577,70.000
-313.684,337.229,70.000
-369.276,333.687,70.000
-423.145,329.400,70.000
-475.964,325.200,70.000
-525.830,317.935,70.000
-574.726,310.430,70.000
-622.929,303.033,70.000
-668.570,292.289,70.000
-713.246,280.677,70.000
-757.553,269.164,70.000
-800.755,256.170,70.000
-842.391,240.420,70.000
-882.907,222.435,70.000
-922.541,202.380,70.000
-960.559,178.046,70.000
-997.722,150.675,70.000
-1033.187,117.391,70.000
-1063.049,65.781,70.000
-1087.621,-6.521,70.000
1810.402,7.443,71.000
1611.645,59.267,71.000
1437.139,100.556,71.000
1276.671,137.796,71.000
1133.644,167.151,71.000
999.601,194.637,71.000
877.731,216.760,71.000
763.336,236.942,71.000
655.879,255.151,71.000
557.012,269.210,71.000
462.657,282.610,71.000
372.625,295.221,71.000
290.018,303.270,71.000
210.520,311.002,71.000
133.911,318.440,71.000
60.756,324.660,71.000
-7.121,327.009,71.000
-73.033,329.280,71.000
-137.102,331.478,71.000
-199.442,333.608,71.000
-258.762,333.600,71.000
-315.604,331.903,71.000
-371.249,330.235,71.000
-424.207,325.998,71.000
-476.043,321.468,71.000
-527.040,317.007,71.000
-575.483,309.292,71.000
-623.276,301.527,71.000
-670.536,293.845,71.000
-715.649,282.697,71.000
-760.038,270.694,71.000
-804.185,258.755,71.000
-847.426,245.157,71.000
-889.454,228.748,71.000
-930.530,209.697,71.000
-971.055,188.633,71.000
-1010.033,162.047,71.000
-1048.714,132.910,71.000
-1085.390,94.684,71.000
-1115.004,26.514,71.000
1671.341,33.456,72.000
1505.528,74.136,72.000
1354.221,109.289,72.000
1214.913,140.086,72.000
1086.842,166.329,72.000
966.100,190.908,72.000
855.582,210.392,72.000
750.463,228.905,72.000
651.011,245.759,72.000
558.704,258.860,72.000
470.185,271.407,72.000
385.173,283.442,72.000
305.950,291.871,72.000
230.057,299.235,72.000
156.650,306.347,72.000
85.567,313.221,72.000
18.907,316.660,72.000
-45.189,318.859,72.000
-107.676,320.994,72.000
-168.651,323.069,72.000
-228.204,325.088,72.000
-284.549,323.811,72.000
-339.605,322.157,72.000
-393.442,320.090,72.000
-445.114,315.573,72.000
-496.059,311.116,72.000
-546.015,306.050,72.000
-594.116,298.236,72.000
-641.775,290.492,72.000
-688.985,282.707,72.000
-734.110,270.509,72.000
-779.073,258.354,72.000
-823.902,246.234,72.000
-867.608,231.013,72.000
-910.844,214.138,72.000
-952.925,192.792,72.000
-994.926,169.946,72.000
-1035.422,139.445,72.000
-1075.778,105.268,72.000
-1112.185,48.446,72.000
1784.550,-8.680,73.000
1607.293,38.462,73.000
1448.093,77.588,73.000
1301.739,111.996,73.000
1166.787,142.062,73.000
1042.086,168.012,73.000
924.245,192.420,73.000
816.060,211.882,73.000
712.989,230.425,73.000
615.097,247.589,73.000
524.201,260.869,73.000
436.922,273.620,73.000
352.999,285.881,73.000
274.299,294.992,73.000
199.123,302.652,73.000
126.340,310.069,73.000
55.795,317.258,73.000
-10.888,321.614,73.000
-74.684,324.147,73.000
-136.925,326.618,73.000
-197.702,329.031,73.000
-257.102,331.389,73.000
-313.686,330.951,73.000
-368.725,329.619,73.000
-422.778,328.249,73.000
-474.534,324.025,73.000
-525.589,319.859,73.000
-575.853,315.444,73.000
-624.154,307.871,73.000
-672.034,300.363,73.000
-719.527,292.916,73.000
-765.048,281.078,73.000
-810.344,269.065,73.000
-855.526,257.083,73.000
-899.665,241.997,73.000
-943.351,225.135,73.000
-985.930,203.582,73.000
-1028.377,180.086,73.000
-1069.549,149.124,73.000
-1110.360,112.954,73.000
-1146.541,48.045,73.000
1784.550,-8.680,74.000
1607.293,38.462,74.000
1448.093,77.588,74.000
1301.739,111.996,74.000
1166.787,142.062,74.000
1042.086,168.012,74.000
924.245,192.420,74.000
816.060,211.882,74.000
712.989,230.425,74.000
615.097,247.589,74.000
524.201,260.869,74.000
436.922,273.620,74.000
352.999,285.881,74.000
274.299,294.992,74.000
199.123,302.652,74.000
126.340,310.069,74.000
55.795,317.258,74.000
-10.888,321.614,74.000
-74.684,324.147,74.000
-136.925,326.618,74.000
-197.702,329.031,74.000
-257.102,331.389,74.000
-313.686,330.951,74.000
-368.725,329.619,74.000
-422.778,328.249,74.000
-474.534,324.025,74.000
-525.589,319.859,74.000
-575.853,315.444,74.000
-624.154,307.871,74.000
-672.034,300.363,74.000
-719.527,292.916,74.000
-765.048,281.078,74.000
-810.344,269.065,74.000
-855.526,257.083,74.000
-899.665,241.997,74.000
-943.351,225.135,74.000
-985.930,203.582,74.000
-1028.377,180.086,74.000
-1069.549,149.124,74.000
-1110.360,112.954,74.000
-1146.541,48.045,74.000
1784.550,-8.680,75.000
1607.293,38.462,75.000
1448.093,77.588,75.000
1301.739,111.996,75.000
1166.787,142.062,75.000
1042.086,168.012,75.000
924.245,192.420,75.000
816.060,211.882,75.000
712.989,230.425,75.000
615.097,247.589,75.000
524.201,260.869,75.000
436.922,273.620,75.000
352.999,285.881,75.000
274.299,294.992,75.000
199.123,302.652,75.000
126.340,310.069,75.000
55.795,317.258,75.000
-10.888,321.614,75.000
-74.684,324.147,75.000
-136.925,326.618,75.000
-197.702,329.031,75.000
-257.102,331.389,75.000
-313.686,330.951,75.000
-368.725,329.619,75.000
-422.778,328.249,75.000
-474.534,324.025,75.000
-525.589,319.859,75.000
-575.853,315.444,75.000
-624.154,307.871,75.000
-672.034,300.363,75.000
-719.527,292.916,75.000
-765.048,281.078,75.000
-810.344,269.065,75.000
-855.526,257.083,75.000
-899.665,241.997,75.000
-943.351,225.135,75.000
-985.930,203.582,75.000
-1028.377,180.086,75.000
-1069.549,149.124,75.000
-1110.360,112.954,75.000
-1146.541,48.045,75.000
1784.550,-8.680,76.000
1607.293,38.462,76.000
1448.093,77.588,76.000
1301.739,111.996,76.000
1166.787,142.062,76.000
1042.086,168.012,76.000
924.245,192.420,76.000
816.060,211.882,76.000
712.989,230.425,76.000
615.097,247.589,76.000
524.201,260.869,76.000
436.922,273.620,76.000
352.999,285.881,76.000
274.299,294.992,76.000
199.123,302.652,76.000
126.340,310.069,76.000
55.795,317.258,76.000
-10.888,321.614,76.000
-74.684,324.147,76.000
-136.925,326.618,76.000
-197.702,329.031,76.000
-257.102,331.389,76.000
-313.686,330.951,76.000
-368.725,329.619,76.000
-422.778,328.249,76.000
-474.534,324.025,76.000
-525.589,319.859,76.000
-575.853,315.444,76.000
-624.154,307.871,76.000
-672.034,300.363,76.000
-719.527,292.916,76.000
-765.048,281.078,76.000
-810.344,269.065,76.000
-855.526,257.083,76.000
-899.665,241.997,76.000
-943.351,225.135,76.000
-985.930,203.582,76.000
-1028.377,180.086,76.000
-1069.549,149.124,76.000
-1110.360,112.954,76.000
-1146.541,48.045,76.000
1784.550,-8.680,77.000
1607.293,38.462,77.000
1448.093,77.588,77.000
1301.739,111.996,77.000
1166.787,142.062,77.000
1042.086,168.012,77.000
924.245,192.420,77.000
816.060,211.882,77.000
712.989,230.425,77.000
615.097,247.589,77.000
524.201,260.869,77.000
436.922,273.620,77.000
352.999,285.881,77.000
274.299,294.992,77.000
199.123,302.652,77.000
126.340,310.069,77.000
55.795,317.258,77.000
-10.888,321.614,77.000
-74.684,324.147,77.000
-136.925,326.618,77.000
-197.702,329.031,77.000
-257.102,331.389,77.000
-313.686,330.951,77.000
-368.725,329.619,77.000
-422.778,328.249,77.000
-474.534,324.025,77.000
-525.589,319.859,77.000
-575.853,315.444,77.000
-624.154,307.871,77.000
-672.034,300.363,77.000
-719.527,292.916,77.000
-765.048,281.078,77.000
-810.344,269.065,77.000
-855.526,257.083,77.000
-899.665,241.997,77.000
-943.351,225.135,77.000
-985.930,203.582,77.000
-1028.377,180.086,77.000
-1069.549,149.124,77.000
-1110.360,112.954,77.000
-1146.541,48.045,77.000
1784.550,-8.680,78.000
1607.293,38.462,78.000
1448.093,77.588,78.000
1301.739,111.996,78.000
1166.787,142.062,78.000
1042.086,168.012,78.000
924.245,192.420,78.000
816.060,211.882,78.000
712.989,230.425,78.000
615.097,247.589,78.000
524.201,260.869,78.000
436.922,273.620,78.000
352.999,285.881,78.000
274.299,294.992,78.000
199.123,302.652,78.000
126.340,310.069,78.000
55.795,317.258,78.000
-10.888,321.614,78.000
-74.684,324.147,78.000
-136.925,326.618,78.000
-197.702,329.031,78.000
-257.102,331.389,78.000
-313.686,330.951,78.000
-368.725,329.619,78.000
-422.778,328.249,78.000
-474.534,324.025,78.000
-525.589,319.859,78.000
-575.853,315.444,78.000
-624.154,307.871,78.000
-672.034,300.363,78.000
-719.527,292.916,78.000
-765.048,281.078,78.000
-810.344,269.065,78.000
-855.526,257.083,78.000
-899.665,241.997,78.000
-943.351,225.135,78.000
-985.930,203.582,78.000
-1028.377,180.086,78.000
-1069.549,149.124,78.000
-1110.360,112.954,78.000
-1146.541,48.045,78.000
1784.550,-8.680,79.000
1607.293,38.462,79.000
1448.093,77.588,79.000
1301.739,111.996,79.000
1166.787,142.062,79.000
1042.086,168.012,79.000
924.245,192.420,79.000
816.060,211.882,79.000
712.989,230.425,79.000
615.097,247.589,79.000
524.201,260.869,79.000
436.922,273.620,79.000
352.999,285.881,79.000
274.299,294.992,79.000
199.123,302.652,79.000
126.340,310.069,79.000
55.795,317.258,79.000
-10.888,321.614,79.000
-74.684,324.147,79.000
-136.925,326.618,79.000
-197.702,329.031,79.000
-257.102,331.389,79.000
-313.686,330.951,79.000
-368.725,329.619,79.000
-422.778,328.249,79.000
-474.534,324.025,79.000
-525.589,319.859,79.000
-575.853,315.444,79.000
-624.154,307.871,79.000
-672.034,300.363,79.000
-719.527,292.916,79.000
-765.048,281.078,79.000
-810.344,269.065,79.000
-855.526,257.083,79.000
-899.665,241.997,79.000
-943.351,225.135,79.000
-985.930,203.582,79.000
-1028.377,180.086,79.000
-1069.549,149.124,79.000
-1110.360,112.954,79.000
-1146.541,48.045,79.000
1784.550,-8.680,80.000
1607.293,38.462,80.000
1448.093,77.588,80.000
1301.739,111.996,80.000
1166.787,142.062,80.000
1042.086,168.012,80.000
924.245,192.420,80.000
816.060,211.882,80.000
712.989,230.425,80.000
615.097,247.589,80.000
524.201,260.869,80.000
436.922,273.620,80.000
352.999,285.881,80.000
274.299,294.992,80.000
199.123,302.652,80.000
126.340,310.069,80.000
55.795,317.258,80.000
-10.888,321.614,80.000
-74.684,324.147,80.000
-136.925,326.618,80.000
-197.702,329.031,80.000
-257.102,331.389,80.000
-313.686,330.951,80.000
-368.725,329.619,80.000
-422.778,328.249,80.000
-474.534,324.025,80.000
-525.589,319.859,80.000
-575.853,315.444,80.000
-624.154,307.871,80.000
-672.034,300.363,80.000
-719.527,292.916,80.000
-765.048,281.078,80.000
-810.344,269.065,80.000
-855.526,257.083,80.000
-899.665,241.997,80.000
-943.351,225.135,80.000
-985.930,203.582,80.000
-1028.377,180.086,80.000
-1069.549,149.124,80.000
-1110.360,112.954,80.000
-1146.541,48.045,80.000
1784.550,-8.680,81.000
1607.293,38.462,81.000
1448.093,77.588,81.000
1301.739,111.996,81.000
1166.787,142.062,81.000
1042.086,168.012,81.000
924.245,192.420,81.000
816.060,211.882,81.000
712.989,230.425,81.000
615.097,247.589,81.000
524.201,260.869,81.000
436.922,273.620,81.000
352.999,285.881,81.000
274.299,294.992,81.000
199.123,302.652,81.000
126.340,310.069,81.000
55.795,317.258,81.000
-10.888,321.614,81.000
-74.684,324.147,81.000
-136.925,326.618,81.000
-197.702,329.031,81.000
-257.102,331.389,81.000
-313.686,330.951,81.000
-368.725,329.619,81.000
-422.778,328.249,81.000
-474.534,324.025,81.000
-525.589,319.859,81.000
-575.853,315.444,81.000
-624.154,307.871,81.000
-672.034,300.363,81.000
-719.527,292.916,81.000
-765.048,281.078,81.000
-810.344,269.065,81.000
-855.526,257.083,81.000
-899.665,241.997,81.000
-943.351,225.135,81.000
-985.930,203.582,81.000
-1028.377,180.086,81.000
-1069.549,149.124,81.000
-1110.360,112.954,81.000
-1146.541,48.045,81.000
1784.550,-8.680,82.000
1607.293,38.462,82.000
1448.093,77.588,82.000
1301.739,111.996,82.000
1166.787,142.062,82.000
1042.086,168.012,82.000
924.245,192.420,82.000
816.060,211.882,82.000
712.989,230.425,82.000
615.097,247.589,82.000
524.201,260.869,82.000
436.922,273.620,82.000
352.999,285.881,82.000
274.299,294.992,82.000
199.123,302.652,82.000
126.340,310.069,82.000
55.795,317.258,82.000
-10.888,321.614,82.000
-74.684,324.147,82.000
-136.925,326.618,82.000
-197.702,329.031,82.000
-257.102,331.389,82.000
-313.686,330.951,82.000
-368.725,329.619,82.000
-422.778,328.249,82.000
-474.534,324.025,82.000
-525.589,319.859,82.000
-575.853,315.444,82.000
-624.154,307.871,82.000
-672.034,300.363,82.000
-719.527,292.916,82.000
-765.048,281.078,82.000
-810.344,269.065,82.000
-855.526,257.083,82.000
-899.665,241.997,82.000
-943.351,225.135,82.000
-985.930,203.582,82.000
-1028.377,180.086,82.000
-1069.549,149.124,82.000
-1110.360,112.954,82.000
-1146.541,48.045,82.000
1784.550,-8.680,83.000
1607.293,38.462,83.000
1448.093,77.588,83.000
1301.739,111.996,83.000
1166.787,142.062,83.000
1042.086,168.012,83.000
924.245,192.420,83.000
816.060,211.882,83.000
712.989,230.425,83.000
615.097,247.589,83.000
524.201,260.869,83.000
436.922,273.620,83.000
352.999,285.881,83.000
274.299,294.992,83.000
199.123,302.652,83.000
126.340,310.069,83.000
55.795,317.258,83.000
-10.888,321.614,83.000
-74.684,324.147,83.000
-136.925,326.618,83.000
-197.702,329.031,83.000
-257.102,331.389,83.000
-313.686,330.951,83.000
-368.725,329.619,83.000
-422.778,328.249,83.000
-474.534,324.025,83.000
-525.589,319.859,83.000
-575.853,315.444,83.000
-624.154,307.871,83.000
-672.034,300.363,83.000
-719.527,292.916,83.000
-765.048,281.078,83.000
-810.344,269.065,83.000
-855.526,257.083,83.000
-899.665,241.997,83.000
-943.351,225.135,83.000
-985.930,203.582,83.000
-1028.377,180.086,83.000
-1069.549,149.124,83.000
-1110.360,112.954,83.000
-1146.541,48.045,83.000
1784.550,-8.680,84.000
1607.293,38.462,84.000
1448.093,77.588,84.000
1301.739,111.996,84.000
1166.787,142.062,84.000
1042.086,168.012,84.000
924.245,192.420,84.000
816.060,211.882,84.000
712.989,230.425,84.000
615.097,247.589,84.000
524.201,260.869,84.000
436.922,273.620,84.000
352.999,285.881,84.000
274.299,294.992,84.000
199.123,302.652,84.000
126.340,310.069,84.000
55.795,317.258,84.000
-10.888,321.614,84.000
-74.684,324.147,84.000
-136.925,326.618,84.000
-197.702,329.031,84.000
-257.102,331.389,84.000
-313.686,330.951,84.000
-368.725,329.619,84.000
-422.778,328.249,84.000
-474.534,324.025,84.000
-525.589,319.859,84.000
-575.853,315.444,84.000
-624.154,307.871,84.000
-672.034,300.363,84.000
-719.527,292.916,84.000
-765.048,281.078,84.000
-810.344,269.065,84.000
-855.526,257.083,84.000
-899.665,241.997,84.000
-943.351,225.135,84.000
-985.930,203.582,84.000
-1028.377,180.086,84.000
-1069.549,149.124,84.000
-1110.360,112.954,84.000
-1146.541,48.045,84.000
1784.550,-8.680,85.000
1607.293,38.462,85.000
1448.093,77.588,85.000
1301.739,111.996,85.000
1166.787,142.062,85.000
1042.086,168.012,85.000
924.245,192.420,85.000
816.060,211.882,85.000
712.989,230.425,85.000
615.097,247.589,85.000
524.201,260.869,85.000
436.922,273.620,85.000
352.999,285.881,85.000
274.299,294.992,85.000
199.123,302.652,85.000
126.340,310.069,85.000
55.795,317.258,85.000
-10.888,321.614,85.000
-74.684,324.147,85.000
-136.925,326.618,85.000
-197.702,329.031,85.000
-257.102,331.389,85.000
-313.686,330.951,85.000
-368.725,329.619,85.000
-422.778,328.249,85.000
-474.534,324.025,85.000
-525.589,319.859,85.000
-575.853,315.444,85.000
-624.154,307.871,85.000
-672.034,300.363,85.000
-719.527,292.916,85.000
-765.048,281.078,85.000
-810.344,269.065,85.000
-855.526,257.083,85.000
-899.665,241.997,85.000
-943.351,225.135,85.000
-985.930,203.582,85.000
-1028.377,180.086,85.000
-1069.549,149.124,85.000
-1110.360,112.954,85.000
-1146.541,48.045,85.000
1784.550,-8.680,86.000
1607.293,38.462,86.000
1448.093,77.588,86.000
1301.739,111.996,86.000
1166.787,142.062,86.000
1042.086,168.012,86.000
924.245,192.420,86.000
816.060,211.882,86.000
712.989,230.425,86.000
615.097,247.589,86.000
524.201,260.869,86.000
436.922,273.620,86.000
352.999,285.881,86.000
274.299,294.992,86.000
199.123,302.652,86.000
126.340,310.069,86.000
55.795,317.258,86.000
-10.888,321.614,86.000
-74.684,324.147,86.000
-136.925,326.618,86.000
-197.702,329.031,86.000
-257.102,331.389,86.000
-313.686,330.951,86.000
-368.725,329.619,86.000
-422.778,328.249,86.000
-474.534,324.025,86.000
-525.589,319.859,86.000
-575.853,315.444,86.000
-624.154,307.871,86.000
-672.034,300.363,86.000
-719.527,292.916,86.000
-765.048,281.078,86.000
-810.344,269.065,86.000
-855.526,257.083,86.000
-899.665,241.997,86.000
-943.351,225.135,86.000
-985.930,203.582,86.000
-1028.377,180.086,86.000
-1069.549,149.124,86.000
-1110.360,112.954,86.000
-1146.541,48.045,86.000
1784.550,-8.680,87.000
1607.293,38.462,87.000
1448.093,77.588,87.000
1301.739,111.996,87.000
1166.787,142.062,87.000
1042.086,168.012,87.000
924.245,192.420,87.000
816.060,211.882,87.000
712.989,230.425,87.000
615.097,247.589,87.000
524.201,260.869,87.000
436.922,273.620,87.000
352.999,285.881,87.000
274.299,294.992,87.000
199.123,302.652,87.000
126.340,310.069,87.000
55.795,317.258,87.000
-10.888,321.614,87.000
-74.684,324.147,87.000
-136.925,326.618,87.000
-197.702,329.031,87.000
-257.102,331.389,87.000
-313.686,330.951,87.000
-368.725,329.619,87.000
-422.778,328.249,87.000
-474.534,324.025,87.000
-525.589,319.859,87.000
-575.853,315.444,87.000
-624.154,307.871,87.000
-672.034,300.363,87.000
-719.527,292.916,87.000
-765.048,281.078,87.000
-810.344,269.065,87.000
-855.526,257.083,87.000
-899.665,241.997,87.000
-943.351,225.135,87.000
-985.930,203.582,87.000
-1028.377,180.086,87.000
-1069.549,149.124,87.000
-1110.360,112.954,87.000
-1146.541,48.045,87.000
1784.550,-8.680,88.000
1607.293,38.462,88.000
1448.093,77.588,88.000
1301.739,111.996,88.000
1166.787,142.062,88.000
1042.086,168.012,88.000
924.245,192.420,88.000
816.060,211.882,88.000
712.989,230.425,88.000
615.097,247.589,88.000
524.201,260.869,88.000
436.922,273.620,88.000
352.999,285.881,88.000
274.299,294.992,88.000
199.123,302.652,88.000
126.340,310.069,88.000
55.795,317.258,88.000
-10.888,321.614,88.000
-74.684,324.147,88.000
-136.925,326.618,88.000
-197.702,329.031,88.000
-257.102,331.389,88.000
-313.686,330.951,88.000
-368.725,329.619,88.000
-422.778,328.249,88.000
-474.534,324.025,88.000
-525.589,319.859,88.000
-575.853,315.444,88.000
-624.154,307.871,88.000
-672.034,300.363,88.000
-719.527,292.916,88.000
-765.048,281.078,88.000
-810.344,269.065,88.000
-855.526,257.083,88.000
-899.665,241.997,88.000
-943.351,225.135,88.000
-985.930,203.582,88.000
-1028.377,180.086,88.000
-1069.549,149.124,88.000
-1110.360,112.954,88.000
-1146.541,48.045,88.000
1784.550,-8.680,89.000
1607.293,38.462,89.000
1448.093,77.588,89.000
1301.739,111.996,89.000
1166.787,142.062,89.000
1042.086,168.012,89.000
924.245,192.420,89.000
816.060,211.882,89.000
712.989,230.425,89.000
615.097,247.589,89.000
524.201,260.869,89.000
436.922,273.620,89.000
352.999,285.881,89.000
274.299,294.992,89.000
199.123,302.652,89.000
126.340,310.069,89.000
55.795,317.258,89.000
-10.888,321.614,89.000
-74.684,324.147,89.000
-136.925,326.618,89.000
-197.702,329.031,89.000
-257.102,331.389,89.000
-313.686,330.951,89.000
-368.725,329.619,89.000
-422.778,328.249,89.000
-474.534,324.025,89.000
-525.589,319.859,89.000
-575.853,315.444,89.000
-624.154,307.871,89.000
-672.034,300.363,89.000
-719.527,292.916,89.000
-765.048,281.078,89.000
-810.344,269.065,89.000
-855.526,257.083,89.000
-899.665,241.997,89.000
-943.351,225.135,89.000
-985.930,203.582,89.000
-1028.377,180.086,89.000
-1069.549,149.124,89.000
-1110.360,112.954,89.000
-1146.541,48.045,89.000
1784.550,-8.680,90.000
1607.293,38.462,90.000
1448.093,77.588,90.000
1301.739,111.996,90.000
1166.787,142.062,90.000
1042.086,168.012,90.000
924.245,192.420,90.000
816.060,211.882,90.000
712.989,230.425,90.000
615.097,247.589,90.000
524.201,260.869,90.000
436.922,273.620,90.000
352.999,285.881,90.000
274.299,294.992,90.000
199.123,302.652,90.000
126.340,310.069,90.000
55.795,317.258,90.000
-10.888,321.614,90.000
-74.684,324.147,90.000
-136.925,326.618,90.000
-197.702,329.031,90.000
-257.102,331.389,90.000
-313.686,330.951,90.000
-368.725,329.619,90.000
-422.778,328.249,90.000
-474.534,324.025,90.000
-525.589,319.859,90.000
-575.853,315.444,90.000
-624.154,307.871,90.000
-672.034,300.363,90.000
-719.527,292.916,90.000
-765.048,281.078,90.000
-810.344,269.065,90.000
-855.526,257.083,90.000
-899.665,241.997,90.000
-943.351,225.135,90.000
-985.930,203.582,90.000
-1028.377,180.086,90.000
-1069.549,149.124,90.000
-1110.360,112.954,90.000
-1146.541,48.045,90.000
