0.000,0.000,0.000
-1305.626,-186.971,0.000
-1244.325,-223.940,0.000
-1186.797,-250.444,0.000
-1132.069,-268.498,0.000
-1079.120,-281.414,0.000
-1027.339,-291.297,0.000
-976.539,-298.057,0.000
-926.198,-304.757,0.000
-876.448,-309.478,0.000
-827.167,-312.005,0.000
-778.096,-314.522,0.000
-729.249,-315.669,0.000
-680.524,-315.618,0.000
-631.826,-315.567,0.000
-583.107,-314.457,0.000
-534.297,-312.664,0.000
-485.364,-310.867,0.000
-436.203,-307.985,0.000
-386.782,-304.663,0.000
-337.092,-301.322,0.000
-287.101,-297.961,0.000
-236.773,-294.578,0.000
-186.062,-291.082,0.000
-134.722,-286.308,0.000
-82.889,-281.488,0.000
-30.524,-276.619,0.000
22.415,-271.696,0.000
75.968,-266.717,0.000
130.347,-261.054,0.000
185.645,-254.664,0.000
241.752,-248.180,0.000
298.720,-241.596,0.000
356.607,-234.907,0.000
415.537,-227.917,0.000
475.694,-220.335,0.000
536.987,-212.610,0.000
599.486,-204.733,0.000
663.268,-196.694,0.000
728.485,-188.326,0.000
795.238,-179.608,0.000
863.547,-170.687,0.000
933.512,-161.550,0.000
1005.249,-152.161,0.000
1078.953,-142.367,0.000
1154.663,-132.306,0.000
1232.510,-121.961,0.000
1312.652,-111.289,0.000
1395.331,-100.139,0.000
1481.678,-87.126,0.000
1573.551,-70.081,0.000
-1305.626,-186.971,1.000
-1244.325,-223.940,1.000
-1186.797,-250.444,1.000
-1132.069,-268.498,1.000
-1079.120,-281.414,1.000
-1027.339,-291.297,1.000
-976.539,-298.057,1.000
-926.198,-304.757,1.000
-876.448,-309.478,1.000
-827.167,-312.005,1.000
-778.096,-314.522,1.000
-729.249,-315.669,1.000
-680.524,-315.618,1.000
-631.826,-315.567,1.000
-583.107,-314.457,1.000
-534.297,-312.664,1.000
-485.364,-310.867,1.000
-436.203,-307.985,1.000
-386.782,-304.663,1.000
-337.092,-301.322,1.000
-287.101,-297.961,1.000
-236.773,-294.578,1.000
-186.062,-291.082,1.000
-134.722,-286.308,1.000
-82.889,-281.488,1.000
-30.524,-276.619,1.000
22.415,-271.696,1.000
75.968,-266.717,1.000
130.347,-261.054,1.000
185.645,-254.664,1.000
241.752,-248.180,1.000
298.720,-241.596,1.000
356.607,-234.907,1.000
415.537,-227.917,1.000
475.694,-220.335,1.000
536.987,-212.610,1.000
599.486,-204.733,1.000
663.268,-196.694,1.000
728.485,-188.326,1.000
795.238,-179.608,1.000
863.547,-170.687,1.000
933.512,-161.550,1.000
1005.249,-152.161,1.000
1078.953,-142.367,1.000
1154.663,-132.306,1.000
1232.510,-121.961,1.000
1312.652,-111.289,1.000
1395.331,-100.139,1.000
1481.678,-87.126,1.000
1573.551,-70.081,1.000
-1305.626,-186.971,2.000
-1244.325,-223.940,2.000
-1186.797,-250.444,2.000
-1132.069,-268.498,2.000
-1079.120,-281.414,2.000
-1027.339,-291.297,2.000
-976.539,-298.057,2.000
-926.198,-304.757,2.000
-876.448,-309.478,2.000
-827.167,-312.005,2.000
-778.096,-314.522,2.000
-729.249,-315.669,2.000
-680.524,-315.618,2.000
-631.826,-315.567,2.000
-583.107,-314.457,2.000
-534.297,-312.664,2.000
-485.364,-310.867,2.000
-436.203,-307.985,2.000
-386.782,-304.663,2.000
-337.092,-301.322,2.000
-287.101,-297.961,2.000
-236.773,-294.578,2.000
-186.062,-291.082,2.000
-134.722,-286.308,2.000
-82.889,-281.488,2.000
-30.524,-276.619,2.000
22.415,-271.696,2.000
75.968,-266.717,2.000
130.347,-261.054,2.000
185.645,-254.664,2.000
241.752,-248.180,2.000
298.720,-241.596,2.000
356.607,-234.907,2.000
415.537,-227.917,2.000
475.694,-220.335,2.000
536.987,-212.610,2.000
599.486,-204.733,2.000
663.268,-196.694,2.000
728.485,-188.326,2.000
795.238,-179.608,2.000
863.547,-170.687,2.000
933.512,-161.550,2.000
1005.249,-152.161,2.000
1078.953,-142.367,2.000
1154.663,-132.306,2.000
1232.510,-121.961,2.000
1312.652,-111.289,2.000
1395.331,-100.139,2.000
1481.678,-87.126,2.000
1573.551,-70.081,2.000
-1305.626,-186.971,3.000
-1244.325,-223.940,3.000
-1186.797,-250.444,3.000
-1132.069,-268.498,3.000
-1079.120,-281.414,3.000
-1027.339,-291.297,3.000
-976.539,-298.057,3.000
-926.198,-304.757,3.000
-876.448,-309.478,3.000
-827.167,-312.005,3.000
-778.096,-314.522,3.000
-729.249,-315.669,3.000
-680.524,-315.618,3.000
-631.826,-315.567,3.000
-583.107,-314.457,3.000
-534.297,-312.664,3.000
-485.364,-310.867,3.000
-436.203,-307.985,3.000
-386.782,-304.663,3.000
-337.092,-301.322,3.000
-287.101,-297.961,3.000
-236.773,-294.578,3.000
-186.062,-291.082,3.000
-134.722,-286.308,3.000
-82.889,-281.488,3.000
-30.524,-276.619,3.000
22.415,-271.696,3.000
75.968,-266.717,3.000
130.347,-261.054,3.000
185.645,-254.664,3.000
241.752,-248.180,3.000
298.720,-241.596,3.000
356.607,-234.907,3.000
415.537,-227.917,3.000
475.694,-220.335,3.000
536.987,-212.610,3.000
599.486,-204.733,3.000
663.268,-196.694,3.000
728.485,-188.326,3.000
795.238,-179.608,3.000
863.547,-170.687,3.000
933.512,-161.550,3.000
1005.249,-152.161,3.000
1078.953,-142.367,3.000
1154.663,-132.306,3.000
1232.510,-121.961,3.000
1312.652,-111.289,3.000
1395.331,-100.139,3.000
1481.678,-87.126,3.000
1573.551,-70.081,3.000
-1328.413,-298.972,4.000
-1267.111,-335.941,4.000
-1209.583,-362.444,4.000
-1154.856,-380.499,4.000
-1101.907,-393.414,4.000
-1050.126,-403.297,4.000
-999.326,-410.058,4.000
-948.985,-416.757,4.000
-899.234,-421.478,4.000
-849.954,-424.006,4.000
-800.882,-426.522,4.000
-752.036,-427.670,4.000
-703.310,-427.618,4.000
-654.612,-427.567,4.000
-605.894,-426.457,4.000
-557.084,-424.664,4.000
-508.151,-422.867,4.000
-458.989,-419.985,4.000
-409.569,-416.663,4.000
-359.879,-413.323,4.000
-309.887,-409.962,4.000
-259.560,-406.578,4.000
-208.849,-403.082,4.000
-157.509,-398.308,4.000
-105.676,-393.488,4.000
-53.310,-388.619,4.000
-0.372,-383.697,4.000
53.181,-378.717,4.000
107.561,-373.054,4.000
162.858,-366.664,4.000
218.965,-360.180,4.000
275.934,-353.596,4.000
333.820,-346.907,4.000
392.750,-339.917,4.000
452.907,-332.335,4.000
514.200,-324.610,4.000
576.700,-316.733,4.000
640.481,-308.695,4.000
705.698,-300.327,4.000
772.451,-291.609,4.000
840.761,-282.688,4.000
910.725,-273.550,4.000
982.462,-264.162,4.000
1056.166,-254.367,4.000
1131.876,-244.307,4.000
1209.723,-233.962,4.000
1289.866,-223.289,4.000
1372.544,-212.139,4.000
1458.891,-199.126,4.000
1550.765,-182.081,4.000
-1305.626,-186.971,5.000
-1244.325,-223.940,5.000
-1186.797,-250.444,5.000
-1132.069,-268.498,5.000
-1079.120,-281.414,5.000
-1027.339,-291.297,5.000
-976.539,-298.057,5.000
-926.198,-304.757,5.000
-876.448,-309.478,5.000
-827.167,-312.005,5.000
-778.096,-314.522,5.000
-729.249,-315.669,5.000
-680.524,-315.618,5.000
-631.826,-315.567,5.000
-583.107,-314.457,5.000
-534.297,-312.664,5.000
-485.364,-310.867,5.000
-436.203,-307.985,5.000
-386.782,-304.663,5.000
-337.092,-301.322,5.000
-287.101,-297.961,5.000
-236.773,-294.578,5.000
-186.062,-291.082,5.000
-134.722,-286.308,5.000
-82.889,-281.488,5.000
-30.524,-276.619,5.000
22.415,-271.696,5.000
75.968,-266.717,5.000
130.347,-261.054,5.000
185.645,-254.664,5.000
241.752,-248.180,5.000
298.720,-241.596,5.000
356.607,-234.907,5.000
415.537,-227.917,5.000
475.694,-220.335,5.000
536.987,-212.610,5.000
599.486,-204.733,5.000
663.268,-196.694,5.000
728.485,-188.326,5.000
795.238,-179.608,5.000
863.547,-170.687,5.000
933.512,-161.550,5.000
1005.249,-152.161,5.000
1078.953,-142.367,5.000
1154.663,-132.306,5.000
1232.510,-121.961,5.000
1312.652,-111.289,5.000
1395.331,-100.139,5.000
1481.678,-87.126,5.000
1573.551,-70.081,5.000
-1305.626,-186.971,6.000
-1244.325,-223.940,6.000
-1186.797,-250.444,6.000
-1132.069,-268.498,6.000
-1079.120,-281.414,6.000
-1027.339,-291.297,6.000
-976.539,-298.057,6.000
-926.198,-304.757,6.000
-876.448,-309.478,6.000
-827.167,-312.005,6.000
-778.096,-314.522,6.000
-729.249,-315.669,6.000
-680.524,-315.618,6.000
-631.826,-315.567,6.000
-583.107,-314.457,6.000
-534.297,-312.664,6.000
-485.364,-310.867,6.000
-436.203,-307.985,6.000
-386.782,-304.663,6.000
-337.092,-301.322,6.000
-287.101,-297.961,6.000
-236.773,-294.578,6.000
-186.062,-291.082,6.000
-134.722,-286.308,6.000
-82.889,-281.488,6.000
-30.524,-276.619,6.000
22.415,-271.696,6.000
75.968,-266.717,6.000
130.347,-261.054,6.000
185.645,-254.664,6.000
241.752,-248.180,6.000
298.720,-241.596,6.000
356.607,-234.907,6.000
415.537,-227.917,6.000
475.694,-220.335,6.000
536.987,-212.610,6.000
599.486,-204.733,6.000
663.268,-196.694,6.000
728.485,-188.326,6.000
795.238,-179.608,6.000
863.547,-170.687,6.000
933.512,-161.550,6.000
1005.249,-152.161,6.000
1078.953,-142.367,6.000
1154.663,-132.306,6.000
1232.510,-121.961,6.000
1312.652,-111.289,6.000
1395.331,-100.139,6.000
1481.678,-87.126,6.000
1573.551,-70.081,6.000
-1305.626,-186.971,7.000
-1244.325,-223.940,7.000
-1186.797,-250.444,7.000
-1132.069,-268.498,7.000
-1079.120,-281.414,7.000
-1027.339,-291.297,7.000
-976.539,-298.057,7.000
-926.198,-304.757,7.000
-876.448,-309.478,7.000
-827.167,-312.005,7.000
-778.096,-314.522,7.000
-729.249,-315.669,7.000
-680.524,-315.618,7.000
-631.826,-315.567,7.000
-583.107,-314.457,7.000
-534.297,-312.664,7.000
-485.364,-310.867,7.000
-436.203,-307.985,7.000
-386.782,-304.663,7.000
-337.092,-301.322,7.000
-287.101,-297.961,7.000
-236.773,-294.578,7.000
-186.062,-291.082,7.000
-134.722,-286.308,7.000
-82.889,-281.488,7.000
-30.524,-276.619,7.000
22.415,-271.696,7.000
75.968,-266.717,7.000
130.347,-261.054,7.000
185.645,-254.664,7.000
241.752,-248.180,7.000
298.720,-241.596,7.000
356.607,-234.907,7.000
415.537,-227.917,7.000
475.694,-220.335,7.000
536.987,-212.610,7.000
599.486,-204.733,7.000
663.268,-196.694,7.000
728.485,-188.326,7.000
795.238,-179.608,7.000
863.547,-170.687,7.000
933.512,-161.550,7.000
1005.249,-152.161,7.000
1078.953,-142.367,7.000
1154.663,-132.306,7.000
1232.510,-121.961,7.000
1312.652,-111.289,7.000
1395.331,-100.139,7.000
1481.678,-87.126,7.000
1573.551,-70.081,7.000
-1315.087,-148.930,8.000
-1248.288,-208.353,8.000
-1189.855,-237.905,8.000
-1134.429,-258.483,8.000
-1080.797,-274.394,8.000
-1028.596,-286.177,8.000
-977.581,-293.719,8.000
-927.145,-300.331,8.000
-877.129,-306.887,8.000
-827.739,-309.939,8.000
-778.607,-312.400,8.000
-729.650,-314.851,8.000
-680.878,-315.058,8.000
-632.143,-314.974,8.000
-583.405,-314.889,8.000
-534.579,-313.196,8.000
-485.627,-311.382,8.000
-436.520,-309.537,8.000
-387.099,-306.215,8.000
-337.409,-302.874,8.000
-287.417,-299.513,8.000
-237.090,-296.130,8.000
-186.392,-292.721,8.000
-135.211,-288.839,8.000
-83.398,-284.034,8.000
-31.054,-279.179,8.000
21.863,-274.271,8.000
75.394,-269.306,8.000
129.584,-264.280,8.000
184.751,-258.234,8.000
240.811,-251.779,8.000
297.731,-245.225,8.000
355.567,-238.565,8.000
414.377,-231.793,8.000
474.363,-224.535,8.000
535.588,-216.848,8.000
598.016,-209.009,8.000
661.725,-201.009,8.000
726.792,-192.838,8.000
793.428,-184.229,8.000
861.649,-175.351,8.000
931.522,-166.257,8.000
1003.152,-156.934,8.000
1076.698,-147.285,8.000
1152.301,-137.271,8.000
1230.037,-126.973,8.000
1310.047,-116.373,8.000
1392.546,-105.359,8.000
1477.705,-93.909,8.000
1568.241,-78.515,8.000
-1312.028,-93.321,9.000
-1242.452,-189.612,9.000
-1185.350,-223.730,9.000
-1130.721,-249.660,9.000
-1078.152,-266.804,9.000
-1026.704,-280.168,9.000
-976.065,-290.876,9.000
-926.140,-297.420,9.000
-876.537,-303.921,9.000
-827.231,-309.829,9.000
-778.161,-312.287,9.000
-729.177,-314.740,9.000
-680.234,-316.783,9.000
-631.192,-316.699,9.000
-582.057,-316.614,9.000
-532.763,-316.124,9.000
-483.160,-314.287,9.000
-433.309,-312.440,9.000
-383.100,-310.025,9.000
-332.401,-306.617,9.000
-281.298,-303.181,9.000
-229.752,-299.716,9.000
-177.728,-296.218,9.000
-125.186,-292.686,9.000
-71.794,-287.950,9.000
-17.694,-282.932,9.000
37.109,-277.849,9.000
92.663,-272.696,9.000
149.018,-267.469,9.000
206.447,-261.525,9.000
265.072,-254.774,9.000
324.730,-247.904,9.000
385.486,-240.907,9.000
447.408,-233.775,9.000
510.736,-226.122,9.000
575.554,-217.982,9.000
641.810,-209.661,9.000
709.595,-201.147,9.000
779.014,-192.414,9.000
850.346,-183.129,9.000
923.539,-173.602,9.000
998.715,-163.815,9.000
1076.001,-153.753,9.000
1155.662,-143.206,9.000
1237.744,-132.331,9.000
1322.405,-121.114,9.000
1409.864,-109.475,9.000
1500.384,-97.302,9.000
1596.596,-81.483,9.000
-1269.621,-161.429,10.000
-1213.347,-206.603,10.000
-1160.097,-233.508,10.000
-1108.225,-254.471,10.000
-1057.336,-270.989,10.000
-1007.175,-282.306,10.000
-957.439,-291.296,10.000
-907.974,-297.779,10.000
-858.704,-304.236,10.000
-809.506,-308.910,10.000
-760.227,-311.378,10.000
-710.914,-313.848,10.000
-661.407,-315.082,10.000
-611.599,-314.996,10.000
-561.573,-314.911,10.000
-511.129,-313.748,10.000
-460.236,-311.863,10.000
-408.961,-309.964,10.000
-356.995,-306.775,10.000
-304.452,-303.242,10.000
-251.350,-299.672,10.000
-197.648,-296.062,10.000
-143.302,-292.408,10.000
-88.059,-288.026,10.000
-31.797,-282.808,10.000
25.318,-277.510,10.000
83.339,-272.127,10.000
142.327,-266.655,10.000
202.540,-260.593,10.000
264.267,-253.483,10.000
327.229,-246.231,10.000
391.503,-238.827,10.000
457.171,-231.262,10.000
524.579,-223.018,10.000
593.722,-214.333,10.000
664.587,-205.430,10.000
737.283,-196.297,10.000
812.029,-186.752,10.000
888.994,-176.732,10.000
968.199,-166.420,10.000
1049.796,-155.795,10.000
1134.038,-144.703,10.000
1221.079,-133.169,10.000
1311.058,-121.245,10.000
1404.214,-108.864,10.000
1500.889,-95.861,10.000
1604.209,-78.789,10.000
-1290.990,-64.688,11.000
-1233.375,-164.401,11.000
-1181.466,-203.326,11.000
-1131.204,-229.258,11.000
-1081.878,-250.285,11.000
-1033.206,-266.670,11.000
-984.922,-278.662,11.000
-936.897,-288.714,11.000
-888.906,-295.498,11.000
-841.034,-302.266,11.000
-793.183,-308.374,11.000
-744.975,-311.272,11.000
-696.662,-314.177,11.000
-648.153,-316.697,11.000
-599.088,-317.090,11.000
-549.734,-317.483,11.000
-499.964,-317.438,11.000
-449.510,-316.042,11.000
-398.595,-314.629,11.000
-346.991,-312.494,11.000
-294.564,-309.438,11.000
-241.488,-306.338,11.000
-187.719,-303.191,11.000
-133.209,-299.995,11.000
-77.829,-296.528,11.000
-21.109,-291.731,11.000
36.582,-286.844,11.000
95.305,-281.861,11.000
155.125,-276.775,11.000
216.195,-271.404,11.000
279.147,-264.614,11.000
343.503,-257.662,11.000
409.350,-250.537,11.000
476.784,-243.230,11.000
546.169,-235.269,11.000
617.579,-226.758,11.000
690.958,-217.998,11.000
766.437,-208.974,11.000
844.290,-199.468,11.000
924.686,-189.459,11.000
1007.671,-179.112,11.000
1093.427,-168.403,11.000
1182.301,-157.113,11.000
1274.403,-145.365,11.000
1369.946,-133.160,11.000
1469.300,-120.335,11.000
1573.120,-106.456,11.000
1687.038,-85.831,11.000
-1221.104,-130.975,12.000
-1172.725,-186.093,12.000
-1125.798,-214.139,12.000
-1079.670,-237.838,12.000
-1033.914,-253.916,12.000
-988.519,-268.325,12.000
-943.183,-278.913,12.000
-897.863,-287.461,12.000
-852.401,-293.766,12.000
-806.964,-300.068,12.000
-761.412,-305.668,12.000
-715.283,-308.313,12.000
-668.964,-310.969,12.000
-622.398,-313.511,12.000
-575.044,-313.757,12.000
-527.316,-314.002,12.000
-479.157,-314.163,12.000
-430.075,-312.667,12.000
-380.440,-311.150,12.000
-330.121,-309.328,12.000
-278.710,-306.187,12.000
-226.548,-302.996,12.000
-173.586,-299.751,12.000
-119.773,-296.448,12.000
-65.053,-293.085,12.000
-8.818,-288.419,12.000
48.626,-283.401,12.000
107.243,-278.273,12.000
167.106,-273.030,12.000
228.294,-267.663,12.000
291.583,-260.914,12.000
356.598,-253.731,12.000
423.308,-246.351,12.000
491.823,-238.763,12.000
562.462,-230.643,12.000
635.516,-221.769,12.000
710.823,-212.611,12.000
788.539,-203.149,12.000
868.963,-193.185,12.000
952.346,-182.630,12.000
1038.725,-171.683,12.000
1128.321,-160.316,12.000
1221.569,-148.276,12.000
1318.582,-135.720,12.000
1419.640,-122.625,12.000
1525.252,-108.760,12.000
1638.196,-91.676,12.000
-1241.350,-75.300,13.000
-1194.862,-156.232,13.000
-1149.423,-204.327,13.000
-1104.062,-230.705,13.000
-1059.175,-253.213,13.000
-1014.216,-268.869,13.000
-969.445,-282.930,13.000
-924.403,-292.941,13.000
-879.242,-301.381,13.000
-833.665,-307.207,13.000
-788.012,-313.044,13.000
-742.183,-318.553,13.000
-695.442,-320.750,13.000
-648.403,-322.962,13.000
-601.035,-325.191,13.000
-552.602,-324.987,13.000
-503.668,-324.760,13.000
-454.170,-324.439,13.000
-403.511,-322.419,13.000
-352.160,-320.374,13.000
-299.901,-317.863,13.000
-246.350,-314.118,13.000
-191.881,-310.311,13.000
-136.435,-306.439,13.000
-79.953,-302.497,13.000
-22.271,-298.283,13.000
37.291,-292.612,13.000
98.188,-286.816,13.000
160.504,-280.889,13.000
224.327,-274.822,13.000
290.106,-268.019,13.000
358.266,-260.020,13.000
428.357,-251.798,13.000
500.506,-243.337,13.000
574.951,-234.480,13.000
652.283,-224.616,13.000
732.195,-214.428,13.000
814.869,-203.890,13.000
900.666,-192.782,13.000
989.866,-181.018,13.000
1082.529,-168.801,13.000
1178.953,-156.058,13.000
1279.605,-142.569,13.000
1384.627,-128.499,13.000
1494.435,-113.743,13.000
1609.587,-98.101,13.000
1737.543,-74.991,13.000
-1229.196,-125.306,14.000
-1185.891,-188.960,14.000
-1140.752,-220.837,14.000
-1095.261,-243.654,14.000
-1049.797,-263.009,14.000
-1003.953,-277.802,14.000
-957.747,-289.521,14.000
-911.317,-299.733,14.000
-863.941,-305.799,14.000
-816.400,-311.887,14.000
-768.664,-318.001,14.000
-719.735,-320.771,14.000
-670.278,-323.107,14.000
-620.380,-325.466,14.000
-569.162,-325.405,14.000
-517.261,-325.175,14.000
-464.568,-324.631,14.000
-410.498,-322.486,14.000
-355.571,-320.309,14.000
-299.301,-317.128,14.000
-241.645,-313.107,14.000
-182.865,-309.011,14.000
-122.890,-304.834,14.000
-61.646,-300.572,14.000
1.656,-294.937,14.000
66.710,-288.756,14.000
133.397,-282.422,14.000
201.823,-275.926,14.000
272.472,-268.685,14.000
345.919,-260.074,14.000
421.602,-251.206,14.000
499.671,-242.062,14.000
580.596,-232.218,14.000
664.710,-221.500,14.000
751.837,-210.402,14.000
842.198,-198.896,14.000
936.441,-186.482,14.000
1034.484,-173.562,14.000
1136.614,-160.109,14.000
1243.402,-145.827,14.000
1355.024,-130.879,14.000
1471.907,-115.194,14.000
1594.711,-98.520,14.000
1732.014,-73.544,14.000
-1210.477,-75.164,15.000
-1169.723,-146.830,15.000
-1127.574,-195.117,15.000
-1083.285,-223.005,15.000
-1038.729,-245.905,15.000
-993.503,-263.304,15.000
-948.039,-278.493,15.000
-901.677,-289.417,15.000
-854.897,-298.866,15.000
-807.188,-305.454,15.000
-759.240,-312.073,15.000
-710.752,-317.899,15.000
-660.880,-320.715,15.000
-610.512,-323.557,15.000
-559.279,-325.562,15.000
-506.702,-325.778,15.000
-453.386,-325.994,15.000
-398.737,-324.986,15.000
-342.839,-323.213,15.000
-285.864,-321.238,15.000
-226.976,-317.567,15.000
-166.858,-313.813,15.000
-105.432,-309.972,15.000
-42.617,-306.036,15.000
22.161,-301.194,15.000
89.167,-295.257,15.000
157.969,-289.154,15.000
228.683,-282.872,15.000
301.703,-276.022,15.000
377.982,-267.506,15.000
456.738,-258.705,15.000
538.143,-249.596,15.000
622.770,-239.688,15.000
710.930,-228.879,15.000
802.463,-217.645,15.000
897.709,-205.862,15.000
997.270,-193.163,15.000
1101.116,-179.904,15.000
1209.674,-165.965,15.000
1323.499,-151.143,15.000
1442.825,-135.590,15.000
1568.351,-119.052,15.000
1705.009,-97.663,15.000
-1188.799,-13.977,16.000
-1160.048,-137.697,16.000
-1121.623,-190.267,16.000
-1079.925,-220.014,16.000
-1037.176,-242.034,16.000
-994.225,-261.536,16.000
-950.302,-276.260,16.000
-905.844,-288.756,16.000
-860.784,-299.314,16.000
-814.513,-306.492,16.000
-767.736,-312.999,16.000
-720.636,-319.550,16.000
-672.236,-323.680,16.000
-622.806,-326.518,16.000
-572.786,-329.386,16.000
-521.282,-330.371,16.000
-468.668,-330.631,16.000
-415.188,-330.869,16.000
-359.807,-329.159,16.000
-303.350,-327.410,16.000
-245.259,-324.732,16.000
-185.351,-321.037,16.000
-124.036,-317.247,16.000
-61.225,-313.357,16.000
3.178,-309.360,16.000
70.384,-303.606,16.000
139.638,-297.505,16.000
210.961,-291.212,16.000
284.493,-284.714,16.000
361.491,-276.583,16.000
441.533,-267.677,16.000
524.466,-258.437,16.000
610.620,-248.705,16.000
700.948,-237.667,16.000
794.990,-226.162,16.000
893.039,-214.152,16.000
995.937,-201.081,16.000
1103.624,-187.366,16.000
1216.538,-172.927,16.000
1335.392,-157.481,16.000
1460.442,-141.213,16.000
1592.516,-123.836,16.000
1738.226,-100.464,16.000
-1178.763,-118.196,17.000
-1144.758,-177.078,17.000
-1105.624,-208.213,17.000
-1064.895,-230.595,17.000
-1024.167,-251.582,17.000
-982.044,-266.935,17.000
-939.639,-281.155,17.000
-895.929,-291.539,17.000
-851.706,-300.963,17.000
-806.068,-307.312,17.000
-760.058,-313.711,17.000
-713.641,-320.164,17.000
-665.159,-323.022,17.000
-615.998,-325.839,17.000
-566.111,-328.618,17.000
-514.178,-328.871,17.000
-461.321,-329.122,17.000
-407.141,-328.756,17.000
-351.094,-327.013,17.000
-293.817,-325.225,17.000
-234.294,-321.887,17.000
-173.044,-318.092,17.000
-110.183,-314.189,17.000
-45.605,-310.171,17.000
21.209,-305.470,17.000
91.006,-299.309,17.000
163.044,-292.939,17.000
237.480,-286.347,17.000
314.905,-279.014,17.000
396.416,-269.928,17.000
481.089,-260.477,17.000
569.169,-250.633,17.000
661.736,-239.521,17.000
758.636,-227.645,17.000
859.982,-215.209,17.000
966.595,-201.752,17.000
1078.693,-187.450,17.000
1196.627,-172.370,17.000
1321.302,-156.140,17.000
1453.005,-138.977,17.000
1592.736,-120.554,17.000
1749.434,-94.654,17.000
-1157.949,-29.141,18.000
-1137.174,-137.659,18.000
-1104.721,-192.861,18.000
-1066.184,-222.892,18.000
-1025.656,-244.828,18.000
-984.918,-265.260,18.000
-942.501,-280.459,18.000
-899.569,-294.337,18.000
-855.056,-304.531,18.000
-809.826,-313.679,18.000
-762.866,-319.738,18.000
-715.415,-325.863,18.000
-667.325,-331.833,18.000
-616.821,-334.273,18.000
-565.518,-336.753,18.000
-513.047,-338.704,18.000
-458.388,-338.521,18.000
-402.610,-338.337,18.000
-344.847,-336.880,18.000
-285.212,-334.582,18.000
-223.787,-331.778,18.000
-159.680,-327.375,18.000
-93.742,-322.849,18.000
-25.850,-318.192,18.000
44.125,-313.394,18.000
117.907,-306.495,18.000
194.287,-299.312,18.000
273.414,-291.874,18.000
355.827,-283.787,18.000
443.087,-273.633,18.000
534.002,-263.057,18.000
628.867,-252.024,18.000
729.135,-239.407,18.000
834.295,-226.089,18.000
944.723,-212.066,18.000
1061.502,-196.752,18.000
1184.595,-180.614,18.000
1314.867,-163.362,18.000
1452.985,-144.947,18.000
1599.745,-125.272,18.000
1761.699,-100.125,18.000
-1181.303,-121.043,19.000
-1149.323,-176.432,19.000
-1112.335,-213.777,19.000
-1071.557,-239.062,19.000
-1029.444,-260.205,19.000
-985.869,-277.563,19.000
-940.994,-292.091,19.000
-894.444,-303.438,19.000
-846.833,-313.356,19.000
-796.987,-319.809,19.000
-746.518,-326.345,19.000
-694.961,-332.206,19.000
-640.742,-334.846,19.000
-585.543,-337.537,19.000
-528.329,-338.723,19.000
-469.009,-338.546,19.000
-408.141,-338.098,19.000
-344.412,-335.660,19.000
-278.975,-333.159,19.000
-210.236,-328.625,19.000
-139.254,-323.770,19.000
-66.014,-318.764,19.000
9.639,-313.595,19.000
89.747,-306.100,19.000
172.862,-298.301,19.000
259.187,-290.204,19.000
350.033,-280.680,19.000
445.953,-269.536,19.000
546.194,-257.892,19.000
651.760,-245.111,19.000
763.283,-231.001,19.000
880.551,-216.167,19.000
1004.762,-199.983,19.000
1136.086,-182.780,19.000
1275.350,-164.374,19.000
1423.383,-144.651,19.000
1581.114,-123.496,19.000
1758.326,-94.667,19.000
-1162.700,-87.430,20.000
-1131.571,-142.246,20.000
-1100.305,-192.993,20.000
-1061.836,-223.616,20.000
-1020.079,-245.721,20.000
-978.198,-267.299,20.000
-933.340,-282.623,20.000
-887.721,-296.906,20.000
-840.107,-308.032,20.000
-790.629,-316.697,20.000
-739.562,-323.754,20.000
-687.762,-330.909,20.000
-633.349,-335.235,20.000
-577.131,-338.395,20.000
-519.509,-341.218,20.000
-458.792,-341.441,20.000
-396.579,-341.662,20.000
-331.350,-339.989,20.000
-263.923,-337.806,20.000
-193.236,-333.995,20.000
-119.688,-329.350,20.000
-43.642,-324.536,20.000
35.079,-319.543,20.000
118.685,-312.198,20.000
205.750,-304.406,20.000
296.411,-296.280,20.000
392.479,-286.323,20.000
494.011,-274.897,20.000
600.454,-262.904,20.000
713.414,-249.276,20.000
832.811,-234.538,20.000
959.052,-218.791,20.000
1093.305,-201.569,20.000
1235.754,-183.259,20.000
1387.789,-163.367,20.000
1550.001,-142.088,20.000
1727.932,-116.316,20.000
-1174.608,-91.372,21.000
-1145.307,-143.913,21.000
-1116.562,-194.537,21.000
-1079.789,-225.088,21.000
-1039.919,-248.323,21.000
-999.069,-269.372,21.000
-955.881,-286.009,21.000
-911.488,-300.874,21.000
-864.683,-312.158,21.000
-816.451,-321.989,21.000
-765.774,-328.987,21.000
-714.295,-336.093,21.000
-660.852,-341.665,21.000
-604.639,-344.818,21.000
-547.191,-348.033,21.000
-486.485,-348.732,21.000
-423.805,-348.944,21.000
-358.339,-347.846,21.000
-290.011,-345.621,21.000
-218.550,-342.220,21.000
-143.551,-337.469,21.000
-65.816,-332.533,21.000
14.856,-327.400,21.000
100.658,-320.087,21.000
190.544,-312.024,21.000
284.425,-303.590,21.000
384.353,-293.205,21.000
490.411,-281.247,21.000
602.004,-268.650,21.000
721.203,-254.097,21.000
847.542,-238.475,21.000
981.962,-221.534,21.000
1125.417,-203.101,21.000
1278.611,-183.255,21.000
1442.832,-161.735,21.000
1619.364,-138.386,21.000
1825.157,-103.370,21.000
-1144.097,-85.307,22.000
-1118.325,-139.951,22.000
-1090.934,-188.201,22.000
-1056.689,-220.586,22.000
-1018.591,-244.737,22.000
-978.652,-265.316,22.000
-937.031,-283.080,22.000
-893.310,-297.716,22.000
-847.636,-309.883,22.000
-800.536,-320.744,22.000
-750.106,-327.700,22.000
-698.801,-334.773,22.000
-646.179,-341.436,22.000
-589.794,-344.587,22.000
-532.071,-347.806,22.000
-471.421,-349.242,22.000
-408.047,-349.443,22.000
-342.063,-348.801,22.000
-272.549,-346.521,22.000
-199.944,-343.394,22.000
-123.127,-338.509,22.000
-43.300,-333.421,22.000
39.770,-328.115,22.000
128.415,-320.638,22.000
221.726,-312.244,22.000
319.502,-303.435,22.000
424.323,-292.342,22.000
535.856,-279.739,22.000
653.785,-266.330,22.000
780.619,-250.633,22.000
915.410,-233.933,22.000
1059.932,-215.483,22.000
1214.688,-195.561,22.000
1381.224,-173.793,22.000
1560.622,-150.223,22.000
1761.262,-120.595,22.000
-1119.103,-84.920,23.000
-1095.127,-137.863,23.000
-1068.953,-183.976,23.000
-1036.874,-217.388,23.000
-1000.343,-242.136,23.000
-961.191,-262.306,23.000
-920.953,-280.928,23.000
-877.774,-295.376,23.000
-833.053,-308.250,23.000
-786.338,-319.146,23.000
-736.551,-326.878,23.000
-685.254,-333.938,23.000
-632.944,-341.134,23.000
-576.447,-344.631,23.000
-518.232,-347.863,23.000
-457.322,-349.853,23.000
-392.981,-350.040,23.000
-326.095,-349.694,23.000
-255.049,-347.345,23.000
-180.799,-344.312,23.000
-101.713,-339.260,23.000
-19.296,-333.984,23.000
66.722,-328.466,23.000
159.073,-320.571,23.000
256.563,-311.774,23.000
359.087,-302.510,23.000
470.181,-290.338,23.000
588.402,-276.948,23.000
714.592,-262.191,23.000
850.521,-245.333,23.000
995.958,-227.158,23.000
1152.930,-206.932,23.000
1322.020,-185.006,23.000
1505.174,-160.943,23.000
1704.259,-134.508,23.000
-1107.338,-26.204,24.000
-1108.551,-126.171,24.000
-1082.024,-171.947,24.000
-1055.263,-215.544,24.000
-1019.583,-243.316,24.000
-980.167,-265.037,24.000
-939.666,-285.352,24.000
-895.964,-301.449,24.000
-850.700,-316.101,24.000
-802.067,-327.138,24.000
-751.253,-336.543,24.000
-697.404,-343.525,24.000
-642.388,-350.662,24.000
-583.665,-355.124,24.000
-521.990,-358.142,24.000
-457.638,-360.287,24.000
-388.976,-360.095,24.000
-317.373,-359.322,24.000
-240.986,-356.415,24.000
-160.517,-352.418,24.000
-74.775,-346.567,24.000
14.867,-340.453,24.000
109.310,-333.576,24.000
211.325,-324.015,24.000
318.829,-313.944,24.000
433.968,-302.093,24.000
558.590,-287.628,24.000
691.339,-272.130,24.000
835.473,-253.906,24.000
989.998,-234.330,24.000
1157.543,-212.393,24.000
1338.670,-188.553,24.000
1535.630,-162.324,24.000
1751.997,-132.669,24.000
-1096.892,-0.770,25.000
-1108.811,-114.210,25.000
-1082.773,-160.099,25.000
-1057.223,-205.128,25.000
-1023.746,-236.918,25.000
-985.454,-261.365,25.000
-944.597,-282.398,25.000
-901.313,-300.615,25.000
-855.297,-315.988,25.000
-806.206,-328.463,25.000
-754.640,-339.139,25.000
-699.237,-346.730,25.000
-642.551,-354.493,25.000
-581.921,-359.673,25.000
-517.861,-363.188,25.000
-450.608,-365.583,25.000
-378.739,-365.744,25.000
-303.101,-364.853,25.000
-222.516,-362.135,25.000
-136.511,-357.559,25.000
-45.253,-351.670,25.000
50.462,-345.481,25.000
153.259,-337.226,25.000
263.349,-327.238,25.000
379.835,-316.656,25.000
507.947,-302.214,25.000
644.787,-286.653,25.000
793.371,-268.548,25.000
953.788,-248.583,25.000
1128.225,-226.166,25.000
1317.638,-201.594,25.000
1524.563,-174.351,25.000
1753.701,-142.974,25.000
-1095.637,-29.699,26.000
-1099.470,-121.732,26.000
-1074.386,-165.946,26.000
-1049.734,-209.399,26.000
-1015.992,-239.067,26.000
-977.864,-262.672,26.000
-937.389,-283.505,26.000
-894.096,-301.331,26.000
-848.118,-316.684,26.000
-798.688,-329.013,26.000
-746.534,-339.522,26.000
-690.444,-347.197,26.000
-632.951,-355.058,26.000
-570.778,-359.933,26.000
-505.232,-363.516,26.000
-435.684,-365.498,26.000
-361.517,-365.648,26.000
-282.573,-364.189,26.000
-198.685,-361.339,26.000
-107.876,-355.855,26.000
-11.937,-349.641,26.000
89.059,-343.087,26.000
199.623,-333.232,26.000
317.178,-322.541,26.000
444.270,-309.729,26.000
583.195,-293.916,26.000
733.226,-276.312,26.000
897.207,-255.889,26.000
1075.621,-233.221,26.000
1270.574,-208.004,26.000
1484.684,-179.825,26.000
1720.605,-148.457,26.000
-1099.523,-57.753,27.000
-1094.690,-130.531,27.000
-1070.464,-173.241,27.000
-1046.434,-215.032,27.000
-1012.006,-242.442,27.000
-973.652,-264.982,27.000
-933.445,-285.673,27.000
-889.744,-302.876,27.000
-843.666,-318.257,27.000
-793.518,-330.268,27.000
-740.316,-340.393,27.000
-683.313,-348.181,27.000
-624.773,-356.173,27.000
-560.390,-360.463,27.000
-493.013,-364.130,27.000
-420.397,-365.446,27.000
-343.448,-365.583,27.000
-260.249,-363.303,27.000
-171.775,-359.829,27.000
-75.449,-353.579,27.000
26.156,-346.974,27.000
135.151,-338.863,27.000
254.035,-328.038,27.000
380.743,-316.485,27.000
521.787,-300.606,27.000
673.965,-283.251,27.000
841.877,-262.430,27.000
1025.021,-239.384,27.000
1226.648,-213.285,27.000
1448.948,-184.106,27.000
1695.336,-151.385,27.000
-1093.813,-70.883,28.000
-1085.334,-133.879,28.000
-1061.918,-175.194,28.000
-1038.493,-215.492,28.000
-1004.649,-242.473,28.000
-966.750,-264.846,28.000
-926.850,-285.415,28.000
-883.377,-302.735,28.000
-837.254,-318.164,28.000
-786.873,-330.369,28.000
-733.167,-340.673,28.000
-675.311,-348.609,28.000
-615.777,-356.768,28.000
-549.722,-361.052,28.000
-480.530,-364.847,28.000
-405.186,-365.931,28.000
-325.388,-366.099,28.000
-238.042,-363.322,28.000
-144.449,-359.089,28.000
-42.750,-352.512,28.000
64.987,-345.529,28.000
182.904,-335.815,28.000
310.740,-324.191,28.000
450.141,-310.283,28.000
604.791,-292.676,28.000
774.395,-272.476,28.000
961.650,-249.143,28.000
1169.051,-222.450,28.000
1398.915,-192.449,28.000
1655.351,-158.520,28.000
-1099.975,-44.024,29.000
-1108.193,-127.827,29.000
-1084.113,-169.320,29.000
-1060.330,-210.288,29.000
-1030.297,-243.515,29.000
-993.440,-269.190,29.000
-951.733,-290.161,29.000
-908.085,-309.877,29.000
-859.515,-325.661,29.000
-807.349,-339.236,29.000
-751.265,-350.640,29.000
-689.537,-358.713,29.000
-625.874,-367.043,29.000
-554.979,-371.467,29.000
-480.232,-375.199,29.000
-397.778,-375.596,29.000
-309.849,-374.847,29.000
-213.497,-371.250,29.000
-108.181,-365.016,29.000
5.154,-357.354,29.000
127.103,-348.393,29.000
262.467,-335.776,29.000
408.757,-321.790,29.000
573.904,-302.686,29.000
755.322,-281.007,29.000
957.270,-255.541,29.000
1182.237,-226.285,29.000
1433.262,-193.159,29.000
1715.374,-155.420,29.000
-1106.021,-37.330,30.000
-1117.171,-121.705,30.000
-1095.030,-165.405,30.000
-1071.578,-206.793,30.000
-1043.135,-242.297,30.000
-1006.652,-269.475,30.000
-964.286,-291.291,30.000
-920.138,-312.176,30.000
-870.325,-328.808,30.000
-816.564,-343.206,30.000
-758.181,-355.144,30.000
-693.843,-363.924,30.000
-627.352,-372.991,30.000
-551.628,-377.147,30.000
-471.946,-380.929,30.000
-383.273,-381.067,30.000
-287.299,-379.335,30.000
-182.537,-375.248,30.000
-66.252,-367.669,30.000
57.864,-359.564,30.000
196.379,-347.602,30.000
347.255,-333.813,30.000
517.853,-315.019,30.000
706.947,-293.048,30.000
919.671,-266.482,30.000
1157.872,-235.848,30.000
1425.718,-200.758,30.000
1729.189,-160.366,30.000
-1119.044,-61.125,31.000
-1123.358,-133.073,31.000
-1100.260,-173.841,31.000
-1077.399,-214.191,31.000
-1047.354,-247.005,31.000
-1010.050,-272.993,31.000
-967.636,-294.827,31.000
-922.303,-314.908,31.000
-871.929,-331.717,31.000
-816.465,-345.651,31.000
-755.669,-356.941,31.000
-689.481,-365.958,31.000
-619.247,-374.082,31.000
-540.333,-378.345,31.000
-455.147,-380.997,31.000
-361.636,-381.120,31.000
-257.705,-377.957,31.000
-143.010,-371.984,31.000
-17.345,-363.763,31.000
120.001,-353.575,31.000
273.980,-339.487,31.000
445.616,-321.988,31.000
639.691,-299.792,31.000
859.884,-272.509,31.000
1108.206,-240.768,31.000
1390.025,-203.900,31.000
1712.216,-161.029,31.000
-1090.765,-20.012,32.000
-1100.919,-96.795,32.000
-1095.641,-155.073,32.000
-1073.100,-194.862,32.000
-1050.762,-234.293,32.000
-1018.203,-264.027,32.000
-979.442,-288.568,32.000
-936.845,-310.489,32.000
-889.611,-329.489,32.000
-838.315,-346.411,32.000
-780.586,-359.797,32.000
-716.411,-370.141,32.000
-647.966,-379.449,32.000
-572.534,-386.179,32.000
-489.822,-390.628,32.000
-397.351,-391.734,32.000
-296.022,-390.687,32.000
-183.430,-386.660,32.000
-55.856,-378.300,32.000
81.560,-369.278,32.000
238.427,-355.265,32.000
411.910,-338.822,32.000
612.958,-315.808,32.000
841.260,-287.993,32.000
1101.819,-254.825,32.000
1400.510,-215.766,32.000
1746.932,-169.287,32.000
-1088.831,-30.010,33.000
-1098.325,-101.920,33.000
-1091.829,-156.209,33.000
-1069.857,-195.046,33.000
-1048.054,-233.585,33.000
-1016.239,-263.320,33.000
-977.943,-288.043,33.000
-935.331,-310.023,33.000
-888.093,-329.393,33.000
-836.383,-346.639,33.000
-777.637,-360.309,33.000
-711.881,-370.946,33.000
-641.452,-380.570,33.000
-562.771,-387.254,33.000
-476.481,-391.938,33.000
-378.166,-392.563,33.000
-269.297,-390.724,33.000
-146.649,-385.357,33.000
-8.285,-376.324,33.000
144.667,-365.123,33.000
319.675,-349.120,33.000
520.903,-327.763,33.000
753.279,-300.484,33.000
1022.939,-266.595,33.000
1336.007,-225.865,33.000
1701.954,-177.289,33.000
-1091.493,-0.891,34.000
-1117.811,-88.001,34.000
-1124.439,-154.393,34.000
-1101.562,-193.815,34.000
-1078.821,-232.996,34.000
-1050.621,-267.603,34.000
-1012.920,-295.090,34.000
-967.870,-317.824,34.000
-919.534,-339.240,34.000
-864.427,-357.239,34.000
-802.190,-372.090,34.000
-731.553,-383.508,34.000
-655.066,-393.603,34.000
-567.942,-399.991,34.000
-471.609,-404.157,34.000
-361.076,-404.024,34.000
-235.536,-400.070,34.000
-91.385,-391.453,34.000
68.282,-380.735,34.000
254.763,-363.782,34.000
468.919,-341.802,34.000
721.185,-312.170,34.000
1018.043,-274.580,34.000
1366.948,-228.842,34.000
1796.801,-167.911,34.000
-1109.229,-2.796,35.000
-1135.950,-87.356,35.000
-1144.765,-154.057,35.000
-1122.630,-194.413,35.000
-1100.134,-234.175,35.000
-1072.735,-270.117,35.000
-1034.783,-298.713,35.000
-988.706,-322.448,35.000
-938.784,-344.723,35.000
-881.727,-363.763,35.000
-816.161,-379.251,35.000
-740.480,-390.842,35.000
-659.456,-401.856,35.000
-563.340,-407.436,35.000
-455.693,-410.362,35.000
-332.172,-409.220,35.000
-188.673,-403.056,35.000
-23.199,-392.177,35.000
166.759,-376.805,35.000
387.991,-355.607,35.000
654.675,-324.927,35.000
973.828,-284.807,35.000
1354.482,-235.087,35.000
1853.740,-160.635,35.000
-1053.938,-21.865,36.000
-1062.608,-87.421,36.000
-1065.597,-146.634,36.000
-1043.385,-185.897,36.000
-1021.261,-225.004,36.000
-991.938,-259.073,36.000
-952.584,-286.848,36.000
-905.995,-310.836,36.000
-853.772,-332.532,36.000
-794.322,-351.408,36.000
-726.098,-367.099,36.000
-645.164,-378.090,36.000
-557.433,-388.215,36.000
-454.384,-393.726,36.000
-334.514,-394.868,36.000
-195.230,-391.498,36.000
-29.973,-381.980,36.000
158.830,-368.816,36.000
385.056,-348.016,36.000
660.953,-317.259,36.000
996.974,-275.759,36.000
1407.178,-222.311,36.000
-1100.350,-26.090,37.000
-1111.070,-93.049,37.000
-1115.863,-153.812,37.000
-1092.557,-193.989,37.000
-1069.305,-234.071,37.000
-1038.250,-269.180,37.000
-995.816,-297.768,37.000
-945.973,-322.950,37.000
-888.150,-344.929,37.000
-821.672,-363.884,37.000
-743.531,-378.848,37.000
-653.973,-390.683,37.000
-549.494,-398.460,37.000
-427.676,-402.011,37.000
-282.861,-399.964,37.000
-108.306,-390.950,37.000
94.782,-377.161,37.000
343.229,-354.089,37.000
651.241,-319.416,37.000
1035.684,-271.013,37.000
1512.550,-208.244,37.000
-1065.050,1.406,38.000
-1091.711,-75.222,38.000
-1099.904,-137.152,38.000
-1085.174,-183.089,38.000
-1062.303,-223.650,38.000
-1037.080,-262.802,38.000
-997.737,-294.218,38.000
-947.098,-320.386,38.000
-890.947,-345.015,38.000
-824.391,-366.078,38.000
-745.007,-383.108,38.000
-650.725,-395.979,38.000
-540.475,-405.139,38.000
-408.375,-409.157,38.000
-247.228,-406.548,38.000
-47.081,-395.367,38.000
194.562,-376.982,38.000
500.037,-346.462,38.000
898.121,-298.577,38.000
1411.471,-231.971,38.000
-1022.330,16.270,39.000
-1059.389,-63.546,39.000
-1067.232,-122.803,39.000
-1062.452,-173.272,39.000
-1039.995,-213.101,39.000
-1017.533,-252.940,39.000
-982.052,-286.190,39.000
-935.129,-314.500,39.000
-882.459,-341.277,39.000
-816.259,-363.422,39.000
-738.383,-382.562,39.000
-641.778,-396.552,39.000
-529.193,-407.561,39.000
-389.748,-412.552,39.000
-213.973,-409.807,39.000
12.385,-396.759,39.000
298.376,-373.485,39.000
682.782,-332.168,39.000
1216.154,-264.701,39.000
-974.919,60.546,40.000
-1063.406,-49.035,40.000
-1072.479,-109.351,40.000
-1079.713,-167.220,40.000
-1058.361,-209.208,40.000
-1034.735,-250.086,40.000
-1004.390,-287.959,40.000
-958.724,-319.450,40.000
-902.992,-347.764,40.000
-834.525,-372.447,40.000
-751.719,-393.655,40.000
-646.462,-409.280,40.000
-519.202,-420.782,40.000
-355.658,-424.774,40.000
-140.102,-418.497,40.000
149.454,-398.552,40.000
554.108,-358.023,40.000
1151.042,-283.992,40.000
-962.005,68.370,41.000
-1056.314,-39.804,41.000
-1072.460,-102.900,41.000
-1080.048,-160.151,41.000
-1065.273,-205.745,41.000
-1041.854,-247.265,41.000
-1014.691,-287.367,41.000
-970.036,-320.754,41.000
-912.657,-350.336,41.000
-842.571,-376.890,41.000
-755.540,-399.704,41.000
-641.799,-416.588,41.000
-498.777,-428.278,41.000
-307.760,-431.047,41.000
-29.837,-417.138,41.000
360.733,-384.930,41.000
997.602,-309.713,41.000
-1061.160,9.788,42.000
-1099.250,-64.025,42.000
-1106.454,-121.577,42.000
-1106.599,-174.994,42.000
-1082.039,-217.640,42.000
-1057.361,-260.494,42.000
-1016.765,-297.839,42.000
-958.944,-330.191,42.000
-888.271,-359.986,42.000
-796.615,-385.484,42.000
-673.272,-404.808,42.000
-510.839,-417.749,42.000
-273.624,-417.569,42.000
93.511,-395.641,42.000
741.491,-326.959,42.000
-1174.001,17.712,43.000
-1238.003,-65.490,43.000
-1248.194,-123.510,43.000
-1255.614,-179.299,43.000
-1237.698,-224.867,43.000
-1213.288,-268.245,43.000
-1180.656,-309.281,43.000
-1127.260,-344.638,43.000
-1059.935,-377.480,43.000
-968.027,-405.746,43.000
-840.550,-428.075,43.000
-664.530,-443.433,43.000
-381.980,-442.146,43.000
145.217,-403.140,43.000
1549.340,-228.115,43.000
-1116.728,33.531,44.000
-1183.801,-46.834,44.000
-1201.740,-105.920,44.000
-1208.931,-159.937,44.000
-1201.222,-208.218,44.000
-1177.041,-251.185,44.000
-1151.853,-294.247,44.000
-1103.331,-331.504,44.000
-1037.071,-365.676,44.000
-949.448,-396.924,44.000
-820.303,-422.141,44.000
-631.692,-440.105,44.000
-289.837,-437.489,44.000
762.764,-334.215,44.000
-1095.540,53.934,45.000
-1177.699,-30.397,45.000
-1206.229,-93.445,45.000
-1213.054,-148.155,45.000
-1214.604,-200.535,45.000
-1188.979,-245.058,45.000
-1163.117,-289.998,45.000
-1116.981,-330.766,45.000
-1046.642,-367.667,45.000
-951.823,-401.983,45.000
-801.483,-429.576,45.000
-556.110,-447.181,45.000
165.184,-406.344,45.000
-958.862,110.852,46.000
-1122.240,0.779,46.000
-1185.979,-73.881,46.000
-1207.063,-134.154,46.000
-1214.066,-189.623,46.000
-1207.285,-241.185,46.000
-1180.380,-288.291,46.000
-1148.255,-334.971,46.000
-1085.430,-377.039,46.000
-995.853,-416.798,46.000
-853.775,-452.078,46.000
-585.134,-476.593,46.000
-1150.035,77.388,47.000
-1247.368,-3.821,47.000
-1299.887,-70.597,47.000
-1315.723,-127.214,47.000
-1323.001,-181.198,47.000
-1313.420,-231.591,47.000
-1286.724,-279.298,47.000
-1251.220,-326.433,47.000
-1181.701,-370.397,47.000
-1077.033,-412.901,47.000
-875.735,-450.442,47.000
-1111.320,141.079,48.000
-1296.345,41.488,48.000
-1373.351,-29.935,48.000
-1417.440,-92.392,48.000
-1427.522,-147.545,48.000
-1434.333,-201.582,48.000
-1417.367,-252.199,48.000
-1388.941,-301.986,48.000
-1342.086,-350.968,48.000
-1254.879,-398.613,48.000
-1094.427,-445.344,48.000
-1301.979,168.683,49.000
-1418.589,93.139,49.000
-1481.927,29.559,49.000
-1521.259,-28.558,49.000
-1530.360,-81.878,49.000
-1537.609,-134.523,49.000
-1521.886,-185.149,49.000
-1493.860,-235.556,49.000
-1446.147,-286.160,49.000
-1350.644,-337.532,49.000
-1109.569,-392.207,49.000
-1039.343,252.391,50.000
-1301.409,158.390,50.000
-1409.898,90.061,50.000
-1475.275,29.535,50.000
-1518.855,-27.003,50.000
-1535.627,-80.479,50.000
-1542.363,-132.922,50.000
-1537.373,-184.861,50.000
-1507.862,-236.943,50.000
-1465.852,-290.273,50.000
-1368.265,-347.043,50.000
-1022.676,291.038,51.000
-1189.667,220.940,51.000
-1286.231,160.527,51.000
-1349.459,104.755,51.000
-1394.876,51.569,51.000
-1417.928,-0.000,51.000
-1424.972,-51.044,51.000
-1431.987,-101.873,51.000
-1403.196,-154.397,51.000
-1372.927,-208.126,51.000
-1280.321,-268.497,51.000
-625.149,379.589,52.000
-955.615,303.922,52.000
-1100.261,243.120,52.000
-1190.583,187.404,52.000
-1253.468,134.362,52.000
-1300.654,82.935,52.000
-1328.291,32.069,52.000
-1334.904,-19.394,52.000
-1341.504,-70.753,52.000
-1318.604,-125.139,52.000
-1286.595,-181.645,52.000
-1187.952,-248.877,52.000
-614.227,389.205,53.000
-798.709,332.592,53.000
-919.666,280.169,53.000
-1000.991,229.830,53.000
-1060.765,180.733,53.000
-1107.281,132.446,53.000
-1137.556,83.931,53.000
-1146.430,33.668,53.000
-1153.408,-16.767,53.000
-1139.701,-70.482,53.000
-1107.468,-128.241,53.000
-1019.260,-198.366,53.000
-324.607,432.983,54.000
-589.605,382.737,54.000
-736.611,333.408,54.000
-843.723,285.607,54.000
-919.485,238.109,54.000
-977.071,190.854,54.000
-1022.032,143.637,54.000
-1052.722,95.501,54.000
-1062.893,44.554,54.000
-1069.524,-7.039,54.000
-1055.215,-63.202,54.000
-1020.161,-125.075,54.000
-892.539,-211.756,54.000
101.255,434.909,55.000
-381.581,408.118,55.000
-561.918,366.332,55.000
-681.742,323.270,55.000
-777.602,280.847,55.000
-848.897,237.679,55.000
-906.148,194.291,55.000
-949.109,149.863,55.000
-983.303,104.774,55.000
-1001.298,56.807,55.000
-1008.445,6.378,55.000
-1011.370,-45.373,55.000
-976.315,-108.398,55.000
-899.174,-186.154,55.000
-62.505,423.021,56.000
-289.981,393.225,56.000
-434.197,358.055,56.000
-540.900,321.125,56.000
-631.414,284.556,56.000
-700.306,246.313,56.000
-755.993,207.150,56.000
-801.437,167.068,56.000
-840.633,126.556,56.000
-868.681,83.841,56.000
-881.446,37.007,56.000
-888.372,-11.778,56.000
-885.191,-64.357,56.000
-848.755,-129.786,56.000
296.129,433.727,57.000
-65.130,429.545,57.000
-252.011,404.092,57.000
-383.654,373.271,57.000
-487.765,340.478,57.000
-572.046,306.123,57.000
-643.576,271.007,57.000
-701.972,234.304,57.000
-752.337,196.825,57.000
-790.526,156.755,57.000
-824.671,116.177,57.000
-848.000,72.370,57.000
-854.581,22.393,57.000
-861.219,-28.003,57.000
-833.826,-93.327,57.000
-760.251,-181.151,57.000
203.752,411.913,58.000
-47.257,402.872,58.000
-205.167,379.344,58.000
-325.054,350.958,58.000
-424.584,320.674,58.000
-505.182,287.788,58.000
-576.971,254.517,58.000
-636.442,219.145,58.000
-687.073,182.216,58.000
-727.495,142.675,58.000
-764.669,102.709,58.000
-790.894,58.835,58.000
-799.512,7.388,58.000
-806.434,-45.352,58.000
-781.304,-114.346,58.000
925.946,337.745,59.000
278.511,419.633,59.000
18.401,421.153,59.000
-148.004,404.942,59.000
-277.676,383.176,59.000
-379.541,356.693,59.000
-468.662,329.095,59.000
-543.213,298.991,59.000
-611.464,268.703,59.000
-669.411,236.241,59.000
-717.911,201.346,59.000
-759.949,164.759,59.000
-796.826,126.671,59.000
-825.975,85.487,59.000
-842.140,38.006,59.000
-849.516,-14.431,59.000
-843.589,-74.965,59.000
-788.676,-165.172,59.000
886.639,332.516,60.000
371.015,403.259,60.000
139.922,405.815,60.000
-37.020,398.914,60.000
-168.363,382.447,60.000
-278.322,362.609,60.000
-368.171,338.662,60.000
-448.190,313.578,60.000
-516.562,286.007,60.000
-581.245,258.787,60.000
-635.648,228.622,60.000
-683.198,196.535,60.000
-726.572,163.443,60.000
-761.937,127.027,60.000
-794.603,89.678,60.000
-819.397,48.207,60.000
-826.789,-3.691,60.000
-834.285,-56.364,60.000
-797.971,-138.384,60.000
1145.201,266.311,61.000
555.974,374.451,61.000
275.733,398.119,61.000
83.131,400.018,61.000
-66.522,392.222,61.000
-185.580,377.219,61.000
-289.044,359.569,61.000
-373.384,336.780,61.000
-452.650,314.236,61.000
-518.208,287.425,61.000
-581.737,261.428,61.000
-636.823,232.714,61.000
-686.243,202.262,61.000
-730.502,169.977,61.000
-767.840,134.437,61.000
-802.679,97.900,61.000
-829.731,56.729,61.000
-843.796,6.810,61.000
-851.154,-48.498,61.000
-828.343,-126.834,61.000
1151.982,273.426,62.000
669.216,367.073,62.000
401.407,396.364,62.000
218.915,400.992,62.000
58.556,402.707,62.000
-62.217,392.463,62.000
-166.006,378.388,62.000
-259.462,362.695,62.000
-337.502,342.168,62.000
-412.223,322.257,62.000
-474.845,297.900,62.000
-534.808,273.738,62.000
-590.352,248.545,62.000
-639.958,221.066,62.000
-683.548,190.825,62.000
-724.434,159.606,62.000
-758.641,124.411,62.000
-791.076,88.267,62.000
-816.404,46.985,62.000
-824.788,-7.739,62.000
-832.753,-64.019,62.000
-777.436,-174.731,62.000
1247.753,242.253,63.000
802.471,336.665,63.000
526.941,376.018,63.000
320.062,395.083,63.000
167.214,396.531,63.000
27.433,397.009,63.000
-82.488,387.202,63.000
-179.144,374.039,63.000
-266.857,359.077,63.000
-342.674,340.046,63.000
-414.210,320.730,63.000
-477.228,298.205,63.000
-535.606,274.395,63.000
-592.220,250.910,63.000
-641.147,223.483,63.000
-686.355,194.404,63.000
-728.462,163.840,63.000
-764.107,128.902,63.000
-798.400,93.165,63.000
-825.335,51.443,63.000
-838.933,-2.158,63.000
-847.064,-61.852,63.000
-794.568,-179.699,63.000
1258.302,232.688,64.000
886.954,314.192,64.000
630.181,356.611,64.000
437.078,377.710,64.000
281.870,386.662,64.000
151.395,388.091,64.000
31.630,388.207,64.000
-65.972,379.752,64.000
-154.340,369.018,64.000
-233.992,355.728,64.000
-306.731,340.467,64.000
-372.852,322.960,64.000
-436.354,305.538,64.000
-491.148,283.603,64.000
-544.753,262.145,64.000
-595.925,240.112,64.000
-641.715,214.921,64.000
-684.092,187.766,64.000
-724.123,159.266,64.000
-758.835,126.517,64.000
-792.071,92.577,64.000
-819.757,53.333,64.000
-836.622,2.907,64.000
-845.271,-57.220,64.000
-795.556,-181.842,64.000
1361.065,182.742,65.000
993.219,274.813,65.000
742.037,321.973,65.000
543.703,350.727,65.000
378.775,368.492,65.000
243.974,375.023,65.000
126.500,376.030,65.000
15.829,376.953,65.000
-76.103,369.632,65.000
-161.801,361.184,65.000
-237.098,348.281,65.000
-309.772,335.813,65.000
-373.337,318.730,65.000
-435.067,302.007,65.000
-492.026,283.143,65.000
-544.269,261.797,65.000
-595.554,240.835,65.000
-643.196,217.765,65.000
-687.743,192.763,65.000
-728.082,164.449,65.000
-767.249,135.426,65.000
-800.563,100.702,65.000
-833.721,65.715,65.000
-859.750,22.658,65.000
-870.910,-38.282,65.000
-878.224,-105.903,65.000
1784.463,29.452,66.000
1289.540,186.931,66.000
985.107,263.385,66.000
758.024,309.122,66.000
569.051,341.755,66.000
419.335,358.128,66.000
280.566,373.291,66.000
169.575,375.647,66.000
66.234,376.815,66.000
-31.757,377.916,66.000
-115.999,372.518,66.000
-194.665,365.759,66.000
-265.306,355.332,66.000
-332.363,344.215,66.000
-394.948,331.400,66.000
-452.676,316.201,66.000
-509.050,301.360,66.000
-560.412,283.371,66.000
-609.067,263.995,66.000
-656.963,244.924,66.000
-701.996,223.912,66.000
-744.270,200.769,66.000
-783.521,174.888,66.000
-821.526,147.950,66.000
-855.146,116.035,66.000
-887.821,82.796,66.000
-915.877,43.346,66.000
-933.379,-10.911,66.000
-943.004,-77.957,66.000
1785.912,4.611,67.000
1351.095,149.206,67.000
1062.710,227.412,67.000
836.887,279.790,67.000
660.073,310.620,67.000
502.118,336.124,67.000
370.128,350.276,67.000
246.619,363.491,67.000
143.571,366.531,67.000
48.480,367.297,67.000
-42.209,368.008,67.000
-125.112,365.643,67.000
-199.401,358.919,67.000
-269.799,351.244,67.000
-333.983,340.233,67.000
-396.414,329.512,67.000
-453.601,315.588,67.000
-508.341,300.770,67.000
-561.990,286.240,67.000
-610.340,267.400,67.000
-657.447,248.182,67.000
-703.963,229.201,67.000
-747.441,207.477,67.000
-789.108,184.146,67.000
-827.650,157.273,67.000
-865.611,129.777,67.000
-898.827,95.802,67.000
-932.020,61.311,67.000
-959.531,17.819,67.000
-973.241,-48.248,67.000
1711.201,37.284,68.000
1375.986,145.863,68.000
1126.798,214.814,68.000
928.477,261.048,68.000
762.159,293.758,68.000
615.183,319.579,68.000
487.673,337.091,68.000
373.178,349.754,68.000
265.427,361.536,68.000
174.548,363.795,68.000
89.088,364.790,68.000
7.196,365.740,68.000
-71.000,366.294,68.000
-139.354,360.462,68.000
-205.584,354.811,68.000
-266.944,346.448,68.000
-325.270,336.827,68.000
-382.207,327.435,68.000
-434.242,314.267,68.000
-484.999,300.960,68.000
-534.887,287.881,68.000
-580.719,271.015,68.000
-625.229,253.349,68.000
-669.286,235.865,68.000
-711.839,217.056,68.000
-751.849,195.211,68.000
-790.395,171.511,68.000
-827.301,145.407,68.000
-862.174,115.932,68.000
-894.989,82.591,68.000
-925.794,44.953,68.000
-948.937,-7.745,68.000
-960.023,-85.712,68.000
1726.882,11.438,69.000
1419.525,115.719,69.000
1188.973,181.439,69.000
997.674,229.384,69.000
829.828,268.237,69.000
689.466,293.312,69.000
559.560,315.851,69.000
444.929,331.242,69.000
340.794,342.327,69.000
241.955,352.826,69.000
154.149,357.219,69.000
73.904,357.816,69.000
-3.333,358.374,69.000
-77.773,358.898,69.000
-146.614,356.288,69.000
-210.286,350.486,69.000
-272.249,344.829,69.000
-329.073,335.243,69.000
-384.558,325.693,69.000
-438.534,315.852,69.000
-488.466,302.327,69.000
-537.666,288.995,69.000
-586.180,275.845,69.000
-630.733,258.127,69.000
-674.682,240.201,69.000
-718.310,222.404,69.000
-760.299,202.565,69.000
-800.479,180.085,69.000
-839.019,154.863,69.000
-876.578,127.687,69.000
-911.533,95.198,69.000
-945.539,59.904,69.000
-976.079,16.230,69.000
-994.325,-55.945,69.000
1773.263,-24.842,70.000
1487.923,75.672,70.000
1261.547,145.918,70.000
1069.551,200.066,70.000
910.228,236.922,70.000
763.695,270.079,70.000
638.026,291.869,70.000
519.724,312.355,70.000
413.291,326.978,70.000
316.015,337.304,70.000
223.177,347.139,70.000
137.164,353.782,70.000
60.210,354.337,70.000
-14.144,354.860,70.000
-86.071,355.353,70.000
-155.731,355.817,70.000
-218.236,350.255,70.000
-279.125,344.691,70.000
-337.386,337.689,70.000
-392.453,328.209,70.000
-446.535,318.892,70.000
-498.267,307.696,70.000
-547.662,294.313,70.000
-596.470,281.085,70.000
-643.837,266.573,70.000
-688.468,248.373,70.000
-732.857,230.271,70.000
-777.034,212.253,70.000
-818.760,190.050,70.000
-859.962,166.815,70.000
-898.853,138.683,70.000
-937.263,108.838,70.000
-972.905,71.850,70.000
-1007.441,30.533,70.000
-1033.054,-35.158,70.000
1684.334,5.759,71.000
1455.714,83.368,71.000
1267.450,139.605,71.000
1100.391,186.888,71.000
958.769,220.099,71.000
826.603,251.095,71.000
711.261,272.582,71.000
603.560,291.721,71.000
501.529,309.840,71.000
411.809,319.892,71.000
325.922,329.520,71.000
243.579,338.756,71.000
166.937,344.942,71.000
97.324,346.014,71.000
29.851,347.061,71.000
-35.618,348.082,71.000
-99.208,349.079,71.000
-158.909,347.233,71.000
-215.185,342.718,71.000
-270.278,338.303,71.000
-322.648,331.599,71.000
-373.169,323.568,71.000
-422.915,315.665,71.000
-470.876,306.126,71.000
-516.897,294.378,71.000
-562.471,282.748,71.000
-607.631,271.227,71.000
-649.949,254.975,71.000
-692.027,238.609,71.000
-733.985,222.292,71.000
-775.213,204.590,71.000
-814.884,183.273,71.000
-853.898,159.945,71.000
-891.934,133.388,71.000
-928.802,102.479,71.000
-964.534,66.513,71.000
-998.314,22.010,71.000
-1020.704,-63.554,71.000
1875.047,-81.985,72.000
1615.746,21.665,72.000
1415.887,89.223,72.000
1245.502,141.064,72.000
1093.667,184.357,72.000
960.808,217.280,72.000
839.183,245.492,72.000
726.604,270.217,72.000
626.056,287.757,72.000
530.395,304.432,72.000
439.544,319.963,72.000
358.226,328.732,72.000
280.026,337.156,72.000
204.721,345.260,72.000
132.345,352.777,72.000
67.628,353.404,72.000
4.691,354.009,72.000
-56.576,354.593,72.000
-116.275,355.158,72.000
-174.500,355.704,72.000
-228.600,352.013,72.000
-281.043,347.409,72.000
-332.562,342.883,72.000
-381.625,335.687,72.000
-429.494,327.654,72.000
-476.776,319.719,72.000
-522.683,310.254,72.000
-566.986,298.489,72.000
-610.985,286.803,72.000
-654.711,275.190,72.000
-696.406,259.433,72.000
-737.706,242.865,72.000
-779.002,226.298,72.000
-820.101,209.120,72.000
-859.676,187.294,72.000
-899.090,164.096,72.000
-937.555,136.616,72.000
-975.496,105.403,72.000
-1012.364,67.547,72.000
-1047.899,20.449,72.000
-1072.057,-81.685,72.000
1831.187,-91.969,73.000
1600.493,2.001,73.000
1420.599,62.777,73.000
1260.089,114.349,73.000
1119.921,154.292,73.000
990.526,190.127,73.000
876.316,216.601,73.000
768.344,241.613,73.000
668.597,262.566,73.000
577.314,278.466,73.000
490.015,293.661,73.000
406.395,308.205,73.000
330.469,316.846,73.000
257.586,324.682,73.000
187.137,332.249,73.000
118.961,339.564,73.000
55.475,342.979,73.000
-4.438,343.546,73.000
-62.927,344.096,73.000
-120.074,344.628,73.000
-175.961,345.146,73.000
-230.646,345.622,73.000
-281.484,341.154,73.000
-331.537,336.754,73.000
-380.853,332.416,73.000
-428.079,325.267,73.000
-474.459,317.481,73.000
-520.392,309.770,73.000
-565.312,300.711,73.000
-608.870,289.142,73.000
-652.240,277.624,73.000
-695.446,266.148,73.000
-737.226,250.954,73.000
-778.579,234.364,73.000
-820.030,217.735,73.000
-861.569,200.931,73.000
-901.830,178.725,73.000
-942.191,155.331,73.000
-981.871,126.979,73.000
-1021.328,94.440,73.000
-1060.191,54.519,73.000
-1097.966,2.042,73.000
1705.244,-29.310,74.000
1516.394,37.806,74.000
1348.460,94.851,74.000
1205.415,136.466,74.000
1072.673,174.585,74.000
954.629,204.025,74.000
845.354,229.626,74.000
741.839,253.877,74.000
649.280,270.568,74.000
561.102,286.175,74.000
476.650,301.122,74.000
397.753,312.856,74.000
324.277,320.982,74.000
253.263,328.837,74.000
184.549,336.437,74.000
118.422,343.173,74.000
58.162,343.924,74.000
-0.659,344.656,74.000
-58.124,345.372,74.000
-114.316,346.072,74.000
-169.308,346.757,74.000
-221.645,344.675,74.000
-271.881,340.392,74.000
-321.374,336.173,74.000
-369.522,330.686,74.000
-416.011,322.978,74.000
-462.050,315.344,74.000
-507.672,307.780,74.000
-551.364,296.450,74.000
-594.779,284.969,74.000
-638.029,273.530,74.000
-680.494,260.242,74.000
-721.835,243.641,74.000
-763.275,227.002,74.000
-804.839,210.312,74.000
-845.516,189.696,74.000
-886.072,167.240,74.000
-925.835,139.495,74.000
-965.810,109.703,74.000
-1004.525,69.622,74.000
-1042.973,21.607,74.000
-1071.823,-96.076,74.000
1705.244,-29.310,75.000
1516.394,37.806,75.000
1348.460,94.851,75.000
1205.415,136.466,75.000
1072.673,174.585,75.000
954.629,204.025,75.000
845.354,229.626,75.000
741.839,253.877,75.000
649.280,270.568,75.000
561.102,286.175,75.000
476.650,301.122,75.000
397.753,312.856,75.000
324.277,320.982,75.000
253.263,328.837,75.000
184.549,336.437,75.000
118.422,343.173,75.000
58.162,343.924,75.000
-0.659,344.656,75.000
-58.124,345.372,75.000
-114.316,346.072,75.000
-169.308,346.757,75.000
-221.645,344.675,75.000
-271.881,340.392,75.000
-321.374,336.173,75.000
-369.522,330.686,75.000
-416.011,322.978,75.000
-462.050,315.344,75.000
-507.672,307.780,75.000
-551.364,296.450,75.000
-594.779,284.969,75.000
-638.029,273.530,75.000
-680.494,260.242,75.000
-721.835,243.641,75.000
-763.275,227.002,75.000
-804.839,210.312,75.000
-845.516,189.696,75.000
-886.072,167.240,75.000
-925.835,139.495,75.000
-965.810,109.703,75.000
-1004.525,69.622,75.000
-1042.973,21.607,75.000
-1071.823,-96.076,75.000
1705.244,-29.310,76.000
1516.394,37.806,76.000
1348.460,94.851,76.000
1205.415,136.466,76.000
1072.673,174.585,76.000
954.629,204.025,76.000
845.354,229.626,76.000
741.839,253.877,76.000
649.280,270.568,76.000
561.102,286.175,76.000
476.650,301.122,76.000
397.753,312.856,76.000
324.277,320.982,76.000
253.263,328.837,76.000
184.549,336.437,76.000
118.422,343.173,76.000
58.162,343.924,76.000
-0.659,344.656,76.000
-58.124,345.372,76.000
-114.316,346.072,76.000
-169.308,346.757,76.000
-221.645,344.675,76.000
-271.881,340.392,76.000
-321.374,336.173,76.000
-369.522,330.686,76.000
-416.011,322.978,76.000
-462.050,315.344,76.000
-507.672,307.780,76.000
-551.364,296.450,76.000
-594.779,284.969,76.000
-638.029,273.530,76.000
-680.494,260.242,76.000
-721.835,243.641,76.000
-763.275,227.002,76.000
-804.839,210.312,76.000
-845.516,189.696,76.000
-886.072,167.240,76.000
-925.835,139.495,76.000
-965.810,109.703,76.000
-1004.525,69.622,76.000
-1042.973,21.607,76.000
-1071.823,-96.076,76.000
1705.244,-29.310,77.000
1516.394,37.806,77.000
1348.460,94.851,77.000
1205.415,136.466,77.000
1072.673,174.585,77.000
954.629,204.025,77.000
845.354,229.626,77.000
741.839,253.877,77.000
649.280,270.568,77.000
561.102,286.175,77.000
476.650,301.122,77.000
397.753,312.856,77.000
324.277,320.982,77.000
253.263,328.837,77.000
184.549,336.437,77.000
118.422,343.173,77.000
58.162,343.924,77.000
-0.659,344.656,77.000
-58.124,345.372,77.000
-114.316,346.072,77.000
-169.308,346.757,77.000
-221.645,344.675,77.000
-271.881,340.392,77.000
-321.374,336.173,77.000
-369.522,330.686,77.000
-416.011,322.978,77.000
-462.050,315.344,77.000
-507.672,307.780,77.000
-551.364,296.450,77.000
-594.779,284.969,77.000
-638.029,273.530,77.000
-680.494,260.242,77.000
-721.835,243.641,77.000
-763.275,227.002,77.000
-804.839,210.312,77.000
-845.516,189.696,77.000
-886.072,167.240,77.000
-925.835,139.495,77.000
-965.810,109.703,77.000
-1004.525,69.622,77.000
-1042.973,21.607,77.000
-1071.823,-96.076,77.000
1705.244,-29.310,78.000
1516.394,37.806,78.000
1348.460,94.851,78.000
1205.415,136.466,78.000
1072.673,174.585,78.000
954.629,204.025,78.000
845.354,229.626,78.000
741.839,253.877,78.000
649.280,270.568,78.000
561.102,286.175,78.000
476.650,301.122,78.000
397.753,312.856,78.000
324.277,320.982,78.000
253.263,328.837,78.000
184.549,336.437,78.000
118.422,343.173,78.000
58.162,343.924,78.000
-0.659,344.656,78.000
-58.124,345.372,78.000
-114.316,346.072,78.000
-169.308,346.757,78.000
-221.645,344.675,78.000
-271.881,340.392,78.000
-321.374,336.173,78.000
-369.522,330.686,78.000
-416.011,322.978,78.000
-462.050,315.344,78.000
-507.672,307.780,78.000
-551.364,296.450,78.000
-594.779,284.969,78.000
-638.029,273.530,78.000
-680.494,260.242,78.000
-721.835,243.641,78.000
-763.275,227.002,78.000
-804.839,210.312,78.000
-845.516,189.696,78.000
-886.072,167.240,78.000
-925.835,139.495,78.000
-965.810,109.703,78.000
-1004.525,69.622,78.000
-1042.973,21.607,78.000
-1071.823,-96.076,78.000
1705.244,-29.310,79.000
1516.394,37.806,79.000
1348.460,94.851,79.000
1205.415,136.466,79.000
1072.673,174.585,79.000
954.629,204.025,79.000
845.354,229.626,79.000
741.839,253.877,79.000
649.280,270.568,79.000
561.102,286.175,79.000
476.650,301.122,79.000
397.753,312.856,79.000
324.277,320.982,79.000
253.263,328.837,79.000
184.549,336.437,79.000
118.422,343.173,79.000
58.162,343.924,79.000
-0.659,344.656,79.000
-58.124,345.372,79.000
-114.316,346.072,79.000
-169.308,346.757,79.000
-221.645,344.675,79.000
-271.881,340.392,79.000
-321.374,336.173,79.000
-369.522,330.686,79.000
-416.011,322.978,79.000
-462.050,315.344,79.000
-507.672,307.780,79.000
-551.364,296.450,79.000
-594.779,284.969,79.000
-638.029,273.530,79.000
-680.494,260.242,79.000
-721.835,243.641,79.000
-763.275,227.002,79.000
-804.839,210.312,79.000
-845.516,189.696,79.000
-886.072,167.240,79.000
-925.835,139.495,79.000
-965.810,109.703,79.000
-1004.525,69.622,79.000
-1042.973,21.607,79.000
-1071.823,-96.076,79.000
1705.244,-29.310,80.000
1516.394,37.806,80.000
1348.460,94.851,80.000
1205.415,136.466,80.000
1072.673,174.585,80.000
954.629,204.025,80.000
845.354,229.626,80.000
741.839,253.877,80.000
649.280,270.568,80.000
561.102,286.175,80.000
476.650,301.122,80.000
397.753,312.856,80.000
324.277,320.982,80.000
253.263,328.837,80.000
184.549,336.437,80.000
118.422,343.173,80.000
58.162,343.924,80.000
-0.659,344.656,80.000
-58.124,345.372,80.000
-114.316,346.072,80.000
-169.308,346.757,80.000
-221.645,344.675,80.000
-271.881,340.392,80.000
-321.374,336.173,80.000
-369.522,330.686,80.000
-416.011,322.978,80.000
-462.050,315.344,80.000
-507.672,307.780,80.000
-551.364,296.450,80.000
-594.779,284.969,80.000
-638.029,273.530,80.000
-680.494,260.242,80.000
-721.835,243.641,80.000
-763.275,227.002,80.000
-804.839,210.312,80.000
-845.516,189.696,80.000
-886.072,167.240,80.000
-925.835,139.495,80.000
-965.810,109.703,80.000
-1004.525,69.622,80.000
-1042.973,21.607,80.000
-1071.823,-96.076,80.000
1705.244,-29.310,81.000
1516.394,37.806,81.000
1348.460,94.851,81.000
1205.415,136.466,81.000
1072.673,174.585,81.000
954.629,204.025,81.000
845.354,229.626,81.000
741.839,253.877,81.000
649.280,270.568,81.000
561.102,286.175,81.000
476.650,301.122,81.000
397.753,312.856,81.000
324.277,320.982,81.000
253.263,328.837,81.000
184.549,336.437,81.000
118.422,343.173,81.000
58.162,343.924,81.000
-0.659,344.656,81.000
-58.124,345.372,81.000
-114.316,346.072,81.000
-169.308,346.757,81.000
-221.645,344.675,81.000
-271.881,340.392,81.000
-321.374,336.173,81.000
-369.522,330.686,81.000
-416.011,322.978,81.000
-462.050,315.344,81.000
-507.672,307.780,81.000
-551.364,296.450,81.000
-594.779,284.969,81.000
-638.029,273.530,81.000
-680.494,260.242,81.000
-721.835,243.641,81.000
-763.275,227.002,81.000
-804.839,210.312,81.000
-845.516,189.696,81.000
-886.072,167.240,81.000
-925.835,139.495,81.000
-965.810,109.703,81.000
-1004.525,69.622,81.000
-1042.973,21.607,81.000
-1071.823,-96.076,81.000
1705.244,-29.310,82.000
1516.394,37.806,82.000
1348.460,94.851,82.000
1205.415,136.466,82.000
1072.673,174.585,82.000
954.629,204.025,82.000
845.354,229.626,82.000
741.839,253.877,82.000
649.280,270.568,82.000
561.102,286.175,82.000
476.650,301.122,82.000
397.753,312.856,82.000
324.277,320.982,82.000
253.263,328.837,82.000
184.549,336.437,82.000
118.422,343.173,82.000
58.162,343.924,82.000
-0.659,344.656,82.000
-58.124,345.372,82.000
-114.316,346.072,82.000
-169.308,346.757,82.000
-221.645,344.675,82.000
-271.881,340.392,82.000
-321.374,336.173,82.000
-369.522,330.686,82.000
-416.011,322.978,82.000
-462.050,315.344,82.000
-507.672,307.780,82.000
-551.364,296.450,82.000
-594.779,284.969,82.000
-638.029,273.530,82.000
-680.494,260.242,82.000
-721.835,243.641,82.000
-763.275,227.002,82.000
-804.839,210.312,82.000
-845.516,189.696,82.000
-886.072,167.240,82.000
-925.835,139.495,82.000
-965.810,109.703,82.000
-1004.525,69.622,82.000
-1042.973,21.607,82.000
-1071.823,-96.076,82.000
