0.000,0.000,0.000
-1439.344,-241.209,0.000
-1370.116,-256.926,0.000
-1305.519,-266.387,0.000
-1244.042,-271.917,0.000
-1184.458,-275.673,0.000
-1126.262,-278.485,0.000
-1069.627,-279.607,0.000
-1013.814,-280.649,0.000
-959.152,-280.500,0.000
-905.138,-280.352,0.000
-851.919,-279.580,0.000
-799.285,-278.642,0.000
-747.183,-277.554,0.000
-695.611,-276.137,0.000
-644.434,-274.731,0.000
-593.657,-273.146,0.000
-543.218,-271.465,0.000
-493.061,-269.793,0.000
-443.163,-268.056,0.000
-393.483,-266.307,0.000
-343.983,-264.564,0.000
-294.644,-262.733,0.000
-245.423,-260.881,0.000
-196.288,-259.032,0.000
-147.217,-257.021,0.000
-98.168,-254.924,0.000
-49.106,-252.827,0.000
0.000,-250.643,0.000
49.183,-248.363,0.000
98.477,-246.078,0.000
147.912,-243.755,0.000
197.524,-241.356,0.000
247.342,-238.946,0.000
297.399,-236.516,0.000
347.731,-234.040,0.000
398.368,-231.548,0.000
449.343,-229.037,0.000
500.695,-226.500,0.000
552.456,-223.943,0.000
604.661,-221.374,0.000
657.347,-218.799,0.000
710.556,-216.198,0.000
764.326,-213.577,0.000
818.701,-210.929,0.000
873.723,-208.261,0.000
929.431,-205.585,0.000
985.880,-202.876,0.000
1043.113,-200.150,0.000
1101.189,-197.384,0.000
1160.164,-194.573,0.000
1220.096,-191.714,0.000
1281.046,-188.803,0.000
1343.085,-185.824,0.000
1406.275,-182.789,0.000
1470.711,-179.648,0.000
-1439.344,-241.209,1.000
-1370.116,-256.926,1.000
-1305.519,-266.387,1.000
-1244.042,-271.917,1.000
-1184.458,-275.673,1.000
-1126.262,-278.485,1.000
-1069.627,-279.607,1.000
-1013.814,-280.649,1.000
-959.152,-280.500,1.000
-905.138,-280.352,1.000
-851.919,-279.580,1.000
-799.285,-278.642,1.000
-747.183,-277.554,1.000
-695.611,-276.137,1.000
-644.434,-274.731,1.000
-593.657,-273.146,1.000
-543.218,-271.465,1.000
-493.061,-269.793,1.000
-443.163,-268.056,1.000
-393.483,-266.307,1.000
-343.983,-264.564,1.000
-294.644,-262.733,1.000
-245.423,-260.881,1.000
-196.288,-259.032,1.000
-147.217,-257.021,1.000
-98.168,-254.924,1.000
-49.106,-252.827,1.000
0.000,-250.643,1.000
49.183,-248.363,1.000
98.477,-246.078,1.000
147.912,-243.755,1.000
197.524,-241.356,1.000
247.342,-238.946,1.000
297.399,-236.516,1.000
347.731,-234.040,1.000
398.368,-231.548,1.000
449.343,-229.037,1.000
500.695,-226.500,1.000
552.456,-223.943,1.000
604.661,-221.374,1.000
657.347,-218.799,1.000
710.556,-216.198,1.000
764.326,-213.577,1.000
818.701,-210.929,1.000
873.723,-208.261,1.000
929.431,-205.585,1.000
985.880,-202.876,1.000
1043.113,-200.150,1.000
1101.189,-197.384,1.000
1160.164,-194.573,1.000
1220.096,-191.714,1.000
1281.046,-188.803,1.000
1343.085,-185.824,1.000
1406.275,-182.789,1.000
1470.711,-179.648,1.000
-1443.685,-227.400,2.000
-1371.932,-250.337,2.000
-1307.158,-261.982,2.000
-1245.646,-269.247,2.000
-1186.161,-274.358,2.000
-1128.614,-277.054,2.000
-1072.133,-279.180,2.000
-1016.838,-280.148,2.000
-962.355,-280.754,2.000
-908.756,-280.547,2.000
-855.724,-280.324,2.000
-803.415,-279.340,2.000
-751.558,-278.364,2.000
-700.171,-277.150,2.000
-649.204,-275.702,2.000
-598.562,-274.263,2.000
-548.250,-272.609,2.000
-498.199,-270.896,2.000
-448.363,-269.190,2.000
-398.721,-267.410,2.000
-349.229,-265.624,2.000
-299.856,-263.842,2.000
-250.579,-261.966,2.000
-201.357,-260.071,2.000
-152.159,-258.176,2.000
-102.957,-256.117,2.000
-53.714,-253.972,2.000
-4.396,-251.823,2.000
45.031,-249.588,2.000
94.601,-247.251,2.000
144.344,-244.907,2.000
194.294,-242.524,2.000
244.488,-240.059,2.000
294.956,-237.580,2.000
345.729,-235.079,2.000
396.848,-232.526,2.000
448.344,-229.956,2.000
500.251,-227.362,2.000
552.609,-224.738,2.000
605.455,-222.091,2.000
658.825,-219.429,2.000
712.757,-216.756,2.000
767.299,-214.052,2.000
822.492,-211.326,2.000
878.382,-208.567,2.000
935.015,-205.789,2.000
992.435,-202.993,2.000
1050.702,-200.163,2.000
1109.864,-197.308,2.000
1169.987,-194.405,2.000
1231.132,-191.453,2.000
1293.364,-188.446,2.000
1356.754,-185.376,2.000
1421.377,-182.235,2.000
1487.307,-179.026,2.000
-1438.898,-220.173,3.000
-1369.376,-246.521,3.000
-1306.987,-259.205,3.000
-1247.528,-267.327,3.000
-1190.158,-272.382,3.000
-1134.191,-275.767,3.000
-1079.222,-278.338,3.000
-1025.333,-279.491,3.000
-972.080,-280.420,3.000
-919.577,-280.458,3.000
-867.587,-280.255,3.000
-816.079,-279.712,3.000
-765.014,-278.750,3.000
-714.260,-277.794,3.000
-663.851,-276.421,3.000
-613.679,-274.995,3.000
-563.706,-273.544,3.000
-513.922,-271.840,3.000
-464.262,-270.139,3.000
-414.694,-268.426,3.000
-365.192,-266.639,3.000
-315.717,-264.853,3.000
-266.241,-263.051,3.000
-216.732,-261.145,3.000
-167.157,-259.236,3.000
-117.484,-257.324,3.000
-67.671,-255.154,3.000
-17.690,-252.977,3.000
32.490,-250.792,3.000
82.917,-248.442,3.000
133.617,-246.054,3.000
184.619,-243.651,3.000
235.972,-241.155,3.000
287.704,-238.616,3.000
339.848,-236.056,3.000
392.449,-233.442,3.000
445.542,-230.793,3.000
499.163,-228.117,3.000
553.357,-225.404,3.000
608.164,-222.660,3.000
663.628,-219.888,3.000
719.787,-217.106,3.000
776.697,-214.287,3.000
834.406,-211.436,3.000
892.968,-208.547,3.000
952.433,-205.631,3.000
1012.854,-202.691,3.000
1074.299,-199.711,3.000
1136.829,-196.695,3.000
1200.518,-193.622,3.000
1265.439,-190.490,3.000
1331.672,-187.291,3.000
1399.303,-184.011,3.000
1468.415,-180.655,3.000
1539.121,-177.185,3.000
-1417.156,-204.273,4.000
-1347.238,-240.946,4.000
-1286.722,-255.169,4.000
-1229.137,-263.655,4.000
-1173.264,-269.328,4.000
-1118.496,-273.691,4.000
-1064.852,-276.198,4.000
-1011.890,-278.143,4.000
-959.641,-279.054,4.000
-907.856,-279.725,4.000
-856.598,-279.524,4.000
-805.648,-279.325,4.000
-755.059,-278.502,4.000
-704.705,-277.552,4.000
-654.544,-276.498,4.000
-604.563,-275.077,4.000
-554.684,-273.659,4.000
-504.883,-272.115,4.000
-455.126,-270.412,4.000
-405.369,-268.709,4.000
-355.584,-266.956,4.000
-305.736,-265.157,4.000
-255.795,-263.355,4.000
-205.727,-261.488,4.000
-155.498,-259.555,4.000
-105.077,-257.614,4.000
-54.422,-255.558,4.000
-3.489,-253.341,4.000
47.741,-251.111,4.000
99.315,-248.803,4.000
151.279,-246.356,4.000
203.654,-243.890,4.000
256.484,-241.368,4.000
309.817,-238.751,4.000
363.680,-236.109,4.000
418.119,-233.419,4.000
473.181,-230.673,4.000
528.903,-227.894,4.000
585.333,-225.073,4.000
642.521,-222.211,4.000
700.515,-219.312,4.000
759.357,-216.398,4.000
819.114,-213.440,4.000
879.840,-210.443,4.000
941.599,-207.398,4.000
1004.447,-204.324,4.000
1068.453,-201.211,4.000
1133.689,-198.057,4.000
1200.235,-194.849,4.000
1268.179,-191.573,4.000
1337.608,-188.224,4.000
1408.619,-184.792,4.000
1481.316,-181.264,4.000
1555.803,-177.641,4.000
-1360.701,-230.062,5.000
-1301.164,-248.000,5.000
-1244.694,-258.362,5.000
-1189.818,-265.499,5.000
-1136.144,-270.222,5.000
-1083.331,-273.400,5.000
-1031.116,-275.839,5.000
-979.495,-277.085,5.000
-928.252,-277.976,5.000
-877.372,-278.210,5.000
-826.763,-278.011,5.000
-776.345,-277.667,5.000
-726.112,-276.720,5.000
-675.967,-275.774,5.000
-625.891,-274.550,5.000
-575.837,-273.127,5.000
-525.763,-271.704,5.000
-475.636,-270.044,5.000
-425.418,-268.325,5.000
-375.079,-266.603,5.000
-324.580,-264.789,5.000
-273.894,-262.960,5.000
-222.988,-261.124,5.000
-171.815,-259.162,5.000
-120.351,-257.182,5.000
-68.563,-255.191,5.000
-16.372,-252.938,5.000
36.227,-250.650,5.000
89.268,-248.342,5.000
142.832,-245.832,5.000
196.927,-243.286,5.000
251.591,-240.710,5.000
306.899,-237.998,5.000
362.869,-235.253,5.000
419.550,-232.463,5.000
477.001,-229.599,5.000
535.261,-226.695,5.000
594.388,-223.742,5.000
654.437,-220.738,5.000
715.463,-217.692,5.000
777.517,-214.621,5.000
840.677,-211.496,5.000
905.006,-208.326,5.000
970.581,-205.096,5.000
1037.461,-201.840,5.000
1105.742,-198.523,5.000
1175.500,-195.163,5.000
1246.842,-191.726,5.000
1319.869,-188.207,5.000
1394.690,-184.598,5.000
1471.429,-180.878,5.000
1550.201,-177.053,5.000
-1352.833,-217.471,6.000
-1293.760,-241.538,6.000
-1238.174,-254.217,6.000
-1184.241,-262.156,6.000
-1131.318,-267.557,6.000
-1079.020,-271.919,6.000
-1027.369,-274.330,6.000
-976.054,-276.459,6.000
-925.109,-277.345,6.000
-874.350,-278.228,6.000
-823.802,-278.041,6.000
-773.341,-277.843,6.000
-722.941,-277.211,6.000
-672.550,-276.261,6.000
-622.126,-275.311,6.000
-571.622,-273.886,6.000
-521.005,-272.448,6.000
-470.241,-270.937,6.000
-419.279,-269.194,6.000
-368.099,-267.443,6.000
-316.665,-265.647,6.000
-264.937,-263.782,6.000
-212.888,-261.905,6.000
-160.471,-259.954,6.000
-107.647,-257.923,6.000
-54.388,-255.876,6.000
-0.621,-253.657,6.000
53.694,-251.295,6.000
108.573,-248.909,6.000
164.098,-246.360,6.000
220.301,-243.717,6.000
277.209,-241.040,6.000
334.909,-238.225,6.000
393.425,-235.358,6.000
452.810,-232.437,6.000
513.133,-229.432,6.000
574.439,-226.378,6.000
636.794,-223.264,6.000
700.263,-220.092,6.000
764.908,-216.874,6.000
830.796,-213.616,6.000
898.015,-210.296,6.000
966.643,-206.918,6.000
1036.764,-203.481,6.000
1108.461,-200.000,6.000
1181.840,-196.455,6.000
1257.011,-192.837,6.000
1334.096,-189.125,6.000
1413.220,-185.312,6.000
1494.525,-181.376,6.000
1578.150,-177.320,6.000
-1336.242,-211.869,7.000
-1281.408,-231.828,7.000
-1228.653,-244.089,7.000
-1177.096,-252.176,7.000
-1126.293,-257.862,7.000
-1075.950,-262.691,7.000
-1026.069,-265.510,7.000
-976.412,-268.252,7.000
-926.990,-269.600,7.000
-877.675,-270.947,7.000
-828.437,-271.456,7.000
-779.214,-271.750,7.000
-729.962,-271.804,7.000
-680.626,-271.360,7.000
-631.184,-270.914,7.000
-581.577,-270.142,7.000
-531.775,-269.213,7.000
-481.756,-268.277,7.000
-431.452,-267.071,7.000
-380.852,-265.825,7.000
-329.925,-264.566,7.000
-278.619,-263.201,7.000
-226.913,-261.822,7.000
-174.767,-260.412,7.000
-122.117,-258.872,7.000
-68.947,-257.314,7.000
-15.201,-255.677,7.000
39.219,-253.796,7.000
94.297,-251.886,7.000
150.106,-249.875,7.000
206.721,-247.696,7.000
264.151,-245.480,7.000
322.479,-243.153,7.000
381.757,-240.732,7.000
442.026,-238.264,7.000
503.373,-235.693,7.000
565.846,-233.066,7.000
629.517,-230.373,7.000
694.463,-227.612,7.000
760.754,-224.793,7.000
828.466,-221.930,7.000
897.700,-218.995,7.000
968.548,-215.992,7.000
1041.108,-212.923,7.000
1115.479,-209.796,7.000
1191.781,-206.599,7.000
1270.151,-203.312,7.000
1350.730,-199.918,7.000
1433.670,-196.405,7.000
1519.144,-192.749,7.000
1607.318,-188.950,7.000
-1300.771,-224.170,8.000
-1249.205,-242.458,8.000
-1199.061,-253.926,8.000
-1149.765,-261.170,8.000
-1100.940,-266.549,8.000
-1052.431,-270.807,8.000
-1004.158,-273.387,8.000
-956.006,-275.629,8.000
-907.912,-276.794,8.000
-859.819,-277.626,8.000
-811.671,-278.000,8.000
-763.409,-277.808,8.000
-715.023,-277.615,8.000
-666.411,-276.751,8.000
-617.583,-275.829,8.000
-568.496,-274.788,8.000
-519.074,-273.383,8.000
-469.327,-271.969,8.000
-419.196,-270.415,8.000
-368.632,-268.685,8.000
-317.627,-266.940,8.000
-266.130,-265.123,8.000
-214.104,-263.247,8.000
-161.517,-261.352,8.000
-108.301,-259.345,8.000
-54.422,-257.275,8.000
0.152,-255.178,8.000
55.557,-252.818,8.000
111.784,-250.374,8.000
168.874,-247.887,8.000
226.966,-245.156,8.000
286.041,-242.379,8.000
346.183,-239.509,8.000
407.478,-236.507,8.000
469.960,-233.448,8.000
533.728,-230.281,8.000
598.843,-227.040,8.000
665.390,-223.722,8.000
733.458,-220.323,8.000
803.131,-216.856,8.000
874.501,-213.330,8.000
947.688,-209.720,8.000
1022.807,-206.025,8.000
1099.965,-202.261,8.000
1179.302,-198.414,8.000
1260.951,-194.487,8.000
1345.095,-190.440,8.000
1431.905,-186.261,8.000
1521.576,-181.930,8.000
1614.310,-177.437,8.000
-1316.929,-204.527,9.000
-1265.154,-235.213,9.000
-1215.092,-250.228,9.000
-1165.705,-260.015,9.000
-1116.690,-267.146,9.000
-1067.876,-271.547,9.000
-1019.169,-275.444,9.000
-970.449,-277.640,9.000
-921.706,-279.685,9.000
-872.805,-280.460,9.000
-823.781,-281.237,9.000
-774.497,-281.142,9.000
-724.974,-280.873,9.000
-675.153,-280.325,9.000
-624.954,-279.304,9.000
-574.407,-278.278,9.000
-523.399,-276.865,9.000
-471.933,-275.330,9.000
-419.987,-273.759,9.000
-367.453,-271.889,9.000
-314.353,-270.000,9.000
-260.637,-268.057,9.000
-206.247,-266.024,9.000
-151.156,-263.967,9.000
-95.288,-261.802,9.000
-38.597,-259.552,9.000
18.951,-257.270,9.000
77.523,-254.692,9.000
137.096,-252.031,9.000
197.741,-249.275,9.000
259.586,-246.296,9.000
322.628,-243.261,9.000
386.988,-240.073,9.000
452.724,-236.782,9.000
519.912,-233.402,9.000
588.656,-229.908,9.000
659.031,-226.332,9.000
731.149,-222.658,9.000
805.108,-218.898,9.000
881.005,-215.076,9.000
958.986,-211.157,9.000
1039.183,-207.141,9.000
1121.722,-203.044,9.000
1206.765,-198.853,9.000
1294.477,-194.563,9.000
1385.071,-190.134,9.000
1478.751,-185.552,9.000
1575.756,-180.786,9.000
1676.341,-175.812,9.000
-1301.670,-200.198,10.000
-1252.389,-227.788,10.000
-1203.842,-242.306,10.000
-1155.610,-252.171,10.000
-1107.540,-259.656,10.000
-1059.453,-264.424,10.000
-1011.377,-268.755,10.000
-963.128,-271.407,10.000
-914.780,-273.930,10.000
-866.132,-275.173,10.000
-817.289,-276.420,10.000
-768.067,-276.811,10.000
-718.519,-277.012,10.000
-668.581,-276.934,10.000
-618.158,-276.377,10.000
-567.305,-275.812,10.000
-515.880,-274.846,10.000
-463.904,-273.762,10.000
-411.351,-272.623,10.000
-358.099,-271.193,10.000
-304.182,-269.741,10.000
-249.537,-268.221,10.000
-194.107,-266.615,10.000
-137.861,-264.981,10.000
-80.701,-263.211,10.000
-22.595,-261.371,10.000
36.517,-259.467,10.000
96.824,-257.237,10.000
158.271,-254.958,10.000
220.993,-252.507,10.000
285.069,-249.886,10.000
350.535,-247.189,10.000
417.545,-244.298,10.000
486.125,-241.331,10.000
556.406,-238.234,10.000
628.475,-235.038,10.000
702.447,-231.739,10.000
778.442,-228.335,10.000
856.567,-224.855,10.000
936.976,-221.275,10.000
1019.819,-217.591,10.000
1105.255,-213.803,10.000
1193.452,-209.916,10.000
1284.598,-205.924,10.000
1378.941,-201.778,10.000
1476.716,-197.463,10.000
1578.201,-192.944,10.000
1683.700,-188.185,10.000
-1276.272,-183.841,11.000
-1230.117,-222.991,11.000
-1184.079,-239.370,11.000
-1138.166,-250.537,11.000
-1092.180,-257.705,11.000
-1046.171,-263.607,11.000
-1000.022,-268.060,11.000
-953.674,-271.401,11.000
-907.092,-273.966,11.000
-860.233,-275.915,11.000
-813.009,-277.123,11.000
-765.483,-278.225,11.000
-717.432,-278.422,11.000
-669.000,-278.617,11.000
-620.032,-278.371,11.000
-570.509,-277.821,11.000
-520.465,-277.262,11.000
-469.707,-276.217,11.000
-418.322,-275.141,11.000
-366.241,-273.962,11.000
-313.358,-272.536,11.000
-259.700,-271.084,11.000
-205.193,-269.547,11.000
-149.784,-267.933,11.000
-93.435,-266.287,11.000
-36.027,-264.482,11.000
22.462,-262.619,11.000
82.125,-260.643,11.000
143.138,-258.374,11.000
205.455,-256.050,11.000
269.257,-253.504,11.000
334.589,-250.816,11.000
401.531,-248.014,11.000
470.228,-245.033,11.000
540.731,-241.961,11.000
613.198,-238.736,11.000
687.717,-235.411,11.000
764.436,-231.962,11.000
843.489,-228.402,11.000
925.004,-224.759,11.000
1009.180,-220.992,11.000
1096.199,-217.096,11.000
1186.224,-213.104,11.000
1279.494,-208.984,11.000
1376.257,-204.715,11.000
1476.802,-200.262,11.000
1581.437,-195.593,11.000
1690.491,-190.689,11.000
-1250.057,-196.960,12.000
-1206.066,-233.536,12.000
-1161.042,-249.402,12.000
-1115.773,-260.094,12.000
-1070.125,-266.815,12.000
-1024.314,-272.441,12.000
-978.150,-276.385,12.000
-931.663,-279.429,12.000
-884.762,-281.507,12.000
-837.473,-283.105,12.000
-789.639,-283.828,12.000
-741.405,-284.520,12.000
-692.457,-284.221,12.000
-643.005,-283.921,12.000
-592.873,-283.192,12.000
-542.029,-282.128,12.000
-490.528,-281.053,12.000
-438.132,-279.460,12.000
-384.964,-277.846,12.000
-330.924,-276.087,12.000
-275.914,-274.103,12.000
-219.957,-272.086,12.000
-162.955,-269.955,12.000
-104.867,-267.759,12.000
-45.624,-265.498,12.000
14.901,-263.071,12.000
76.722,-260.596,12.000
140.048,-257.855,12.000
204.926,-254.935,12.000
271.418,-251.890,12.000
339.723,-248.579,12.000
409.830,-245.185,12.000
481.960,-241.558,12.000
556.152,-237.826,12.000
632.580,-233.932,12.000
711.361,-229.912,12.000
792.659,-225.754,12.000
876.634,-221.467,12.000
963.438,-217.080,12.000
1053.301,-212.552,12.000
1146.441,-207.877,12.000
1243.050,-203.092,12.000
1343.416,-198.159,12.000
1447.853,-193.038,12.000
1556.698,-187.700,12.000
1670.337,-182.101,12.000
-1250.413,-223.067,13.000
-1205.223,-244.542,13.000
-1158.921,-256.865,13.000
-1112.063,-265.582,13.000
-1064.792,-272.421,13.000
-1016.783,-276.548,13.000
-968.438,-280.309,13.000
-919.380,-282.490,13.000
-869.875,-284.457,13.000
-819.576,-285.226,13.000
-768.766,-286.005,13.000
-717.046,-285.742,13.000
-664.674,-285.433,13.000
-611.429,-284.620,13.000
-557.311,-283.498,13.000
-502.331,-282.247,13.000
-446.288,-280.554,13.000
-389.297,-278.835,13.000
-331.168,-276.827,13.000
-271.911,-274.701,13.000
-211.475,-272.501,13.000
-149.762,-270.178,13.000
-86.734,-267.809,13.000
-22.225,-265.248,13.000
43.788,-262.615,13.000
111.512,-259.731,13.000
181.050,-256.612,13.000
252.463,-253.339,13.000
325.962,-249.787,13.000
401.566,-246.112,13.000
479.503,-242.199,13.000
559.837,-238.156,13.000
642.771,-233.932,13.000
728.443,-229.567,13.000
817.049,-225.046,13.000
908.757,-220.405,13.000
1003.805,-215.619,13.000
1102.443,-210.673,13.000
1204.894,-205.598,13.000
1311.468,-200.364,13.000
1422.518,-194.928,13.000
1538.428,-189.253,13.000
1659.634,-183.289,13.000
-1272.487,-187.313,14.000
-1231.252,-228.943,14.000
-1186.033,-246.286,14.000
-1139.722,-257.727,14.000
-1092.530,-265.530,14.000
-1044.822,-271.923,14.000
-996.378,-276.532,14.000
-947.275,-280.053,14.000
-897.491,-282.718,14.000
-846.954,-284.572,14.000
-795.643,-285.802,14.000
-743.548,-286.586,14.000
-690.512,-286.712,14.000
-636.680,-286.727,14.000
-581.725,-286.023,14.000
-525.877,-285.303,14.000
-468.866,-284.131,14.000
-410.760,-282.812,14.000
-351.473,-281.320,14.000
-290.884,-279.579,14.000
-229.023,-277.791,14.000
-165.743,-275.842,14.000
-101.020,-273.842,14.000
-34.689,-271.672,14.000
33.313,-269.392,14.000
103.174,-266.888,14.000
175.061,-264.096,14.000
249.014,-261.144,14.000
325.279,-257.890,14.000
403.885,-254.491,14.000
485.072,-250.846,14.000
568.935,-247.048,14.000
655.687,-243.061,14.000
745.501,-238.913,14.000
838.597,-234.596,14.000
935.161,-230.157,14.000
1035.493,-225.545,14.000
1139.864,-220.763,14.000
1248.557,-215.830,14.000
1361.936,-210.710,14.000
1480.441,-205.341,14.000
1604.536,-199.679,14.000
1734.744,-193.669,14.000
-1238.035,-185.312,15.000
-1199.564,-227.934,15.000
-1156.030,-245.504,15.000
-1111.004,-256.629,15.000
-1065.119,-264.871,15.000
-1018.611,-271.640,15.000
-971.109,-276.156,15.000
-923.010,-280.050,15.000
-874.002,-282.670,15.000
-824.293,-284.857,15.000
-773.596,-286.067,15.000
-722.160,-287.134,15.000
-669.572,-287.253,15.000
-616.163,-287.369,15.000
-561.537,-286.779,15.000
-505.884,-286.053,15.000
-449.045,-285.026,15.000
-390.939,-283.698,15.000
-331.602,-282.286,15.000
-270.799,-280.529,15.000
-208.617,-278.725,15.000
-144.905,-276.776,15.000
-79.609,-274.746,15.000
-12.586,-272.575,15.000
56.281,-270.253,15.000
127.128,-267.761,15.000
200.235,-264.907,15.000
275.574,-261.917,15.000
353.472,-258.578,15.000
433.930,-255.095,15.000
517.237,-251.338,15.000
603.492,-247.415,15.000
692.940,-243.286,15.000
785.780,-238.979,15.000
882.261,-234.489,15.000
982.607,-229.856,15.000
1087.159,-225.031,15.000
1196.225,-220.026,15.000
1310.151,-214.842,15.000
1429.380,-209.433,15.000
1554.419,-203.741,15.000
1685.829,-197.706,15.000
-1235.621,-222.686,16.000
-1194.260,-242.174,16.000
-1150.953,-254.422,16.000
-1106.614,-263.601,16.000
-1061.363,-270.665,16.000
-1015.037,-275.594,16.000
-968.134,-280.116,16.000
-920.013,-282.793,16.000
-871.297,-285.459,16.000
-821.363,-286.811,16.000
-770.656,-288.082,16.000
-718.770,-288.549,16.000
-665.862,-288.728,16.000
-611.814,-288.537,16.000
-556.488,-287.878,16.000
-500.012,-287.141,16.000
-442.044,-285.877,16.000
-382.781,-284.578,16.000
-321.962,-282.968,16.000
-259.599,-281.219,16.000
-195.613,-279.365,16.000
-129.885,-277.381,16.000
-62.329,-275.305,16.000
7.268,-273.017,16.000
78.933,-270.651,16.000
153.127,-267.819,16.000
229.723,-264.877,16.000
309.127,-261.555,16.000
391.328,-258.077,16.000
476.676,-254.286,16.000
565.260,-250.321,16.000
657.374,-246.122,16.000
753.238,-241.728,16.000
853.142,-237.129,16.000
957.346,-232.369,16.000
1066.246,-227.394,16.000
1180.197,-222.219,16.000
1299.616,-216.840,16.000
1425.034,-211.197,16.000
1557.054,-205.225,16.000
1696.346,-198.862,16.000
-1234.867,-216.155,17.000
-1196.491,-239.418,17.000
-1155.464,-253.877,17.000
-1113.024,-264.426,17.000
-1069.053,-271.431,17.000
-1024.377,-277.554,17.000
-978.558,-281.968,17.000
-931.869,-285.618,17.000
-884.092,-288.228,17.000
-835.391,-290.362,17.000
-785.475,-291.607,17.000
-734.628,-292.702,17.000
-682.353,-292.870,17.000
-629.061,-293.035,17.000
-574.263,-292.490,17.000
-518.197,-291.805,17.000
-460.662,-290.801,17.000
-401.569,-289.494,17.000
-340.942,-288.074,17.000
-278.515,-286.311,17.000
-214.379,-284.490,17.000
-148.331,-282.493,17.000
-80.321,-280.416,17.000
-10.124,-278.144,17.000
62.360,-275.734,17.000
137.446,-273.011,17.000
215.292,-270.003,17.000
296.098,-266.707,17.000
380.069,-263.134,17.000
467.437,-259.285,17.000
558.406,-255.205,17.000
653.284,-250.861,17.000
752.316,-246.301,17.000
855.848,-241.506,17.000
964.177,-236.529,17.000
1077.763,-231.311,17.000
1197.028,-225.866,17.000
1322.466,-220.188,17.000
1454.715,-214.207,17.000
1594.507,-207.843,17.000
1742.681,-201.008,17.000
-1235.962,-224.517,18.000
-1197.942,-248.016,18.000
-1156.627,-262.585,18.000
-1113.408,-272.844,18.000
-1068.435,-279.800,18.000
-1022.518,-285.719,18.000
-975.176,-289.835,18.000
-926.753,-293.139,18.000
-877.032,-295.419,18.000
-826.119,-297.083,18.000
-773.814,-297.958,18.000
-720.262,-298.480,18.000
-665.113,-298.231,18.000
-608.663,-297.866,18.000
-550.391,-296.738,18.000
-490.672,-295.584,18.000
-429.017,-293.856,18.000
-365.643,-292.029,18.000
-300.261,-289.877,18.000
-232.852,-287.548,18.000
-163.307,-285.075,18.000
-91.486,-282.465,18.000
-17.208,-279.685,18.000
59.724,-276.709,18.000
139.593,-273.438,18.000
222.674,-269.808,18.000
309.171,-265.856,18.000
399.318,-261.601,18.000
493.429,-257.009,18.000
591.717,-252.163,18.000
694.549,-247.029,18.000
802.249,-241.639,18.000
915.197,-236.007,18.000
1033.823,-230.137,18.000
1158.663,-223.993,18.000
1290.213,-217.607,18.000
1429.179,-210.911,18.000
1576.394,-203.809,18.000
1732.785,-196.213,18.000
-1225.335,-224.604,19.000
-1186.831,-246.072,19.000
-1144.901,-259.865,19.000
-1101.063,-270.161,19.000
-1055.219,-277.287,19.000
-1008.071,-283.036,19.000
-959.623,-287.668,19.000
-909.552,-290.845,19.000
-858.321,-293.602,19.000
-805.349,-295.154,19.000
-751.102,-296.460,19.000
-695.051,-296.866,19.000
-637.488,-296.999,19.000
-578.070,-296.533,19.000
-516.859,-295.735,19.000
-453.706,-294.578,19.000
-388.492,-293.081,19.000
-321.167,-291.360,19.000
-251.514,-289.334,19.000
-179.529,-287.182,19.000
-105.005,-284.853,19.000
-27.775,-282.362,19.000
52.423,-279.640,19.000
135.892,-276.604,19.000
222.959,-273.179,19.000
313.890,-269.375,19.000
408.900,-265.269,19.000
508.434,-260.757,19.000
612.693,-255.973,19.000
722.104,-250.886,19.000
837.090,-245.503,19.000
958.061,-239.874,19.000
1085.606,-233.953,19.000
1220.306,-227.748,19.000
1362.850,-221.241,19.000
1514.157,-214.324,19.000
1675.256,-206.898,19.000
-1198.490,-218.286,20.000
-1162.542,-242.045,20.000
-1122.491,-257.320,20.000
-1079.774,-267.921,20.000
-1035.061,-275.691,20.000
-989.076,-282.296,20.000
-941.171,-286.877,20.000
-891.970,-290.751,20.000
-841.083,-293.488,20.000
-788.695,-295.588,20.000
-734.573,-296.887,20.000
-678.815,-297.715,20.000
-621.127,-297.843,20.000
-561.671,-297.672,20.000
-500.049,-296.863,20.000
-436.483,-295.877,20.000
-370.527,-294.356,20.000
-302.372,-292.711,20.000
-231.589,-290.643,20.000
-158.289,-288.471,20.000
-82.183,-286.083,20.000
-3.139,-283.551,20.000
79.200,-280.745,20.000
165.102,-277.648,20.000
255.034,-274.096,20.000
349.248,-270.151,20.000
448.027,-265.863,20.000
551.877,-261.134,20.000
661.051,-256.098,20.000
776.039,-250.729,20.000
897.352,-245.030,20.000
1025.475,-239.059,20.000
1161.149,-232.744,20.000
1305.033,-226.124,20.000
1458.051,-219.127,20.000
1621.360,-211.621,20.000
-1213.194,-229.007,21.000
-1176.268,-251.723,21.000
-1134.758,-266.363,21.000
-1090.450,-276.892,21.000
-1043.466,-284.048,21.000
-994.930,-290.019,21.000
-944.436,-294.426,21.000
-892.001,-297.558,21.000
-837.920,-300.057,21.000
-781.605,-301.318,21.000
-723.621,-302.306,21.000
-663.186,-302.206,21.000
-600.881,-301.946,21.000
-535.942,-300.797,21.000
-468.845,-299.520,21.000
-398.931,-297.567,21.000
-326.523,-295.500,21.000
-251.040,-292.914,21.000
-172.663,-290.212,21.000
-91.041,-287.264,21.000
-6.000,-284.136,21.000
82.847,-280.719,21.000
175.964,-276.878,21.000
273.674,-272.631,21.000
376.566,-267.817,21.000
484.821,-262.636,21.000
598.962,-257.042,21.000
719.501,-251.043,21.000
846.953,-244.684,21.000
981.910,-237.997,21.000
1125.144,-230.946,21.000
1277.461,-223.535,21.000
1439.847,-215.728,21.000
1613.651,-207.359,21.000
-1253.954,-206.923,22.000
-1224.627,-243.190,22.000
-1185.224,-262.279,22.000
-1141.538,-275.075,22.000
-1095.198,-284.749,22.000
-1046.587,-292.271,22.000
-995.316,-297.421,22.000
-942.396,-301.889,22.000
-887.025,-304.823,22.000
-829.663,-307.060,22.000
-770.018,-308.443,22.000
-707.976,-309.053,22.000
-643.576,-309.142,22.000
-576.431,-308.490,22.000
-506.730,-307.516,22.000
-433.960,-305.897,22.000
-358.350,-304.089,22.000
-279.302,-301.730,22.000
-196.993,-299.226,22.000
-111.051,-296.470,22.000
-21.202,-293.473,22.000
72.911,-290.202,22.000
172.065,-286.323,22.000
276.448,-282.023,22.000
386.675,-277.186,22.000
503.209,-271.853,22.000
626.511,-266.103,22.000
757.215,-259.934,22.000
895.991,-253.371,22.000
1043.597,-246.437,22.000
1200.994,-239.094,22.000
1369.222,-231.333,22.000
1549.759,-222.993,22.000
1744.379,-213.875,22.000
-1238.487,-202.604,23.000
-1212.744,-241.800,23.000
-1174.741,-261.643,23.000
-1132.013,-275.031,23.000
-1086.336,-285.164,23.000
-1037.853,-292.656,23.000
-986.811,-298.186,23.000
-933.922,-302.936,23.000
-878.166,-305.877,23.000
-820.413,-308.309,23.000
-760.025,-309.693,23.000
-697.132,-310.408,23.000
-631.565,-310.482,23.000
-563.042,-309.846,23.000
-491.669,-308.829,23.000
-416.917,-307.147,23.000
-339.011,-305.247,23.000
-257.306,-302.780,23.000
-171.963,-300.144,23.000
-82.586,-297.255,23.000
11.215,-294.065,23.000
109.795,-290.591,23.000
214.179,-286.387,23.000
324.541,-281.701,23.000
441.490,-276.491,23.000
565.667,-270.744,23.000
697.685,-264.513,23.000
838.262,-257.832,23.000
988.195,-250.745,23.000
1148.566,-243.195,23.000
1320.437,-235.221,23.000
1505.407,-226.663,23.000
1705.398,-217.331,23.000
-1212.564,-185.089,24.000
-1197.536,-237.264,24.000
-1161.685,-258.755,24.000
-1120.447,-273.309,24.000
-1075.852,-284.315,24.000
-1027.577,-291.819,24.000
-977.121,-298.055,24.000
-924.338,-303.087,24.000
-868.518,-306.354,24.000
-810.641,-309.203,24.000
-749.589,-310.642,24.000
-686.065,-311.652,24.000
-619.392,-311.766,24.000
-549.650,-311.302,24.000
-476.631,-310.299,24.000
-399.977,-308.677,24.000
-319.788,-306.774,24.000
-235.371,-304.260,24.000
-146.903,-301.557,24.000
-53.935,-298.584,24.000
44.023,-295.264,24.000
147.456,-291.572,24.000
257.355,-287.175,24.000
374.209,-282.154,24.000
498.599,-276.572,24.000
631.277,-270.425,24.000
773.038,-263.746,24.000
924.779,-256.568,24.000
1087.521,-248.924,24.000
1262.598,-240.765,24.000
1451.518,-232.057,24.000
1656.472,-222.558,24.000
-1217.570,-223.192,25.000
-1186.748,-249.780,25.000
-1147.497,-265.850,25.000
-1103.743,-277.215,25.000
-1056.956,-286.124,25.000
-1007.607,-293.440,25.000
-954.806,-298.465,25.000
-899.545,-302.567,25.000
-841.517,-305.651,25.000
-780.235,-307.478,25.000
-716.361,-308.931,25.000
-648.599,-309.032,25.000
-577.821,-308.836,25.000
-503.126,-307.793,25.000
-424.631,-306.274,25.000
-342.034,-304.294,25.000
-254.846,-301.752,25.000
-163.061,-298.941,25.000
-66.216,-295.820,25.000
36.245,-292.328,25.000
144.961,-288.390,25.000
260.995,-283.720,25.000
385.105,-278.306,25.000
517.923,-272.264,25.000
660.357,-265.602,25.000
813.410,-258.347,25.000
978.184,-250.548,25.000
1156.120,-242.168,25.000
1348.755,-233.234,25.000
1558.432,-223.528,25.000
-1250.096,-233.536,26.000
-1216.076,-257.742,26.000
-1174.455,-273.718,26.000
-1127.613,-284.913,26.000
-1076.787,-293.175,26.000
-1022.840,-299.766,26.000
-965.627,-304.829,26.000
-904.447,-307.988,26.000
-840.278,-310.456,26.000
-772.234,-311.685,26.000
-700.301,-311.954,26.000
-624.639,-311.670,26.000
-544.121,-310.206,26.000
-459.293,-308.305,26.000
-369.562,-305.814,26.000
-274.412,-302.685,26.000
-173.809,-299.235,26.000
-67.238,-295.461,26.000
46.165,-291.181,26.000
167.394,-286.207,26.000
297.412,-280.450,26.000
437.199,-273.887,26.000
587.737,-266.566,26.000
750.117,-258.554,26.000
925.612,-249.904,26.000
1115.822,-240.614,26.000
1322.597,-230.685,26.000
1548.646,-219.891,26.000
-1249.791,-213.082,27.000
-1223.417,-246.491,27.000
-1184.260,-266.339,27.000
-1138.373,-280.094,27.000
-1087.809,-290.436,27.000
-1033.344,-298.534,27.000
-974.275,-304.097,27.000
-911.506,-308.302,27.000
-845.140,-311.521,27.000
-774.058,-313.113,27.000
-698.787,-313.833,27.000
-619.137,-313.827,27.000
-533.988,-312.571,27.000
-443.805,-310.755,27.000
-348.067,-308.348,27.000
-246.028,-305.208,27.000
-137.686,-301.722,27.000
-22.310,-297.827,27.000
101.022,-293.404,27.000
234.008,-287.981,27.000
377.560,-281.642,27.000
532.755,-274.453,27.000
700.854,-266.467,27.000
883.330,-257.730,27.000
1081.863,-248.304,27.000
1298.680,-238.140,27.000
1536.749,-227.053,27.000
-1241.500,-206.873,28.000
-1219.055,-242.895,28.000
-1181.465,-263.827,28.000
-1136.456,-278.436,28.000
-1086.245,-289.440,28.000
-1031.539,-297.922,28.000
-971.715,-303.737,28.000
-908.018,-308.306,28.000
-840.256,-311.763,28.000
-767.155,-313.440,28.000
-689.452,-314.247,28.000
-606.775,-314.230,28.000
-518.006,-312.956,28.000
-423.425,-311.000,28.000
-322.519,-308.401,28.000
-214.571,-305.110,28.000
-99.290,-301.384,28.000
24.215,-297.158,28.000
157.332,-292.173,28.000
301.699,-286.151,28.000
458.647,-279.094,28.000
629.542,-271.087,28.000
815.986,-262.203,28.000
1019.842,-252.524,28.000
1243.609,-242.007,28.000
1490.420,-230.549,28.000
-1257.973,-170.896,29.000
-1272.504,-240.850,29.000
-1240.685,-266.329,29.000
-1198.695,-283.273,29.000
-1149.837,-295.390,29.000
-1095.635,-304.511,29.000
-1036.839,-311.655,29.000
-973.535,-317.234,29.000
-904.725,-320.850,29.000
-830.753,-323.133,29.000
-751.619,-324.430,29.000
-666.425,-324.491,29.000
-574.600,-323.349,29.000
-476.172,-321.434,29.000
-370.428,-318.736,29.000
-256.548,-315.237,29.000
-134.229,-311.256,29.000
-2.316,-306.690,29.000
141.046,-301.185,29.000
297.797,-294.491,29.000
469.602,-286.632,29.000
658.248,-277.697,29.000
865.872,-267.762,29.000
1095.075,-256.881,29.000
1349.201,-245.022,29.000
1633.555,-231.720,29.000
-1326.729,-202.544,30.000
-1317.153,-249.021,30.000
-1280.458,-272.524,30.000
-1233.862,-288.900,30.000
-1180.051,-301.004,30.000
-1119.800,-309.968,30.000
-1052.970,-316.178,30.000
-980.379,-320.657,30.000
-901.761,-323.622,30.000
-816.649,-325.178,30.000
-723.723,-324.943,30.000
-623.254,-323.569,30.000
-514.589,-321.152,30.000
-396.945,-317.763,30.000
-269.518,-313.522,30.000
-131.701,-308.698,30.000
18.192,-303.093,30.000
183.160,-296.059,30.000
365.215,-287.594,30.000
566.385,-277.840,30.000
789.188,-266.892,30.000
1036.592,-254.862,30.000
1312.708,-241.680,30.000
1623.947,-226.825,30.000
-1383.320,-228.046,31.000
-1354.522,-258.684,31.000
-1310.510,-278.465,31.000
-1256.720,-292.422,31.000
-1195.203,-302.684,31.000
-1126.685,-310.284,31.000
-1051.230,-315.744,31.000
-968.550,-319.350,31.000
-878.122,-321.265,31.000
-778.657,-321.258,31.000
-670.142,-319.878,31.000
-551.827,-317.283,31.000
-422.789,-313.598,31.000
-282.198,-309.055,31.000
-128.797,-303.750,31.000
40.200,-297.221,31.000
228.027,-289.037,31.000
437.295,-279.247,31.000
670.858,-268.003,31.000
932.042,-255.492,31.000
1225.637,-241.663,31.000
1559.178,-225.969,31.000
-1393.934,-224.425,32.000
-1367.095,-255.857,32.000
-1324.030,-276.510,32.000
-1270.222,-291.192,32.000
-1207.769,-302.001,32.000
-1137.386,-309.968,32.000
-1059.073,-315.622,32.000
-972.431,-319.254,32.000
-876.794,-321.029,32.000
-771.168,-320.990,32.000
-654.456,-319.199,32.000
-526.157,-316.076,32.000
-385.115,-311.772,32.000
-230.429,-306.629,32.000
-59.888,-300.516,32.000
131.174,-292.524,32.000
345.918,-282.644,32.000
587.627,-271.053,32.000
860.350,-257.911,32.000
1169.456,-243.262,32.000
1523.603,-226.586,32.000
-1371.577,-204.324,33.000
-1358.189,-243.901,33.000
-1320.066,-267.597,33.000
-1269.519,-284.634,33.000
-1208.981,-297.294,33.000
-1139.278,-306.714,33.000
-1060.421,-313.496,33.000
-971.879,-317.946,33.000
-872.553,-320.122,33.000
-761.571,-320.264,33.000
-637.937,-318.614,33.000
-500.376,-315.360,33.000
-347.426,-310.704,33.000
-177.908,-305.055,33.000
11.811,-298.008,33.000
227.362,-288.735,33.000
473.128,-277.236,33.000
753.841,-263.714,33.000
1075.306,-248.398,33.000
1446.896,-230.970,33.000
-1320.159,-167.901,34.000
-1339.492,-226.538,34.000
-1312.354,-256.461,34.000
-1267.936,-277.145,34.000
-1210.796,-292.205,34.000
-1142.608,-303.336,34.000
-1063.695,-311.398,34.000
-973.544,-316.815,34.000
-871.185,-319.831,34.000
-755.198,-320.562,34.000
-623.907,-319.119,34.000
-475.589,-315.711,34.000
-308.325,-310.595,34.000
-120.299,-304.198,34.000
93.715,-295.958,34.000
341.444,-284.932,34.000
629.089,-271.180,34.000
963.272,-255.087,34.000
1354.042,-236.647,34.000
-1401.166,-185.895,35.000
-1399.879,-231.879,35.000
-1365.840,-260.372,35.000
-1311.924,-279.847,35.000
-1243.759,-294.214,35.000
-1161.853,-304.593,35.000
-1065.623,-311.568,35.000
-953.716,-315.442,35.000
-824.210,-316.385,35.000
-674.741,-314.540,35.000
-502.789,-310.162,35.000
-305.546,-303.586,35.000
-80.558,-295.449,35.000
183.281,-284.070,35.000
494.852,-269.180,35.000
862.713,-251.220,35.000
1299.130,-230.375,35.000
-1372.991,-149.424,36.000
-1416.083,-217.669,36.000
-1390.002,-251.013,36.000
-1341.538,-274.756,36.000
-1274.491,-291.924,36.000
-1189.657,-303.977,36.000
-1087.446,-312.131,36.000
-965.867,-316.671,36.000
-822.157,-317.752,36.000
-652.674,-315.432,36.000
-453.083,-309.817,36.000
-221.657,-302.064,36.000
50.775,-291.439,36.000
379.750,-276.282,36.000
776.519,-257.040,36.000
1255.697,-234.231,36.000
-1462.054,-184.157,37.000
-1453.646,-224.806,37.000
-1411.604,-251.559,37.000
-1349.117,-271.547,37.000
-1267.155,-286.347,37.000
-1164.479,-296.672,37.000
-1036.620,-302.254,37.000
-881.434,-303.856,37.000
-693.234,-301.364,37.000
-465.452,-294.828,37.000
-194.460,-285.494,37.000
137.288,-271.634,37.000
551.751,-251.838,37.000
1066.361,-227.137,37.000
-1370.879,-121.148,38.000
-1442.940,-195.560,38.000
-1426.847,-234.398,38.000
-1377.224,-261.759,38.000
-1302.199,-282.261,38.000
-1197.467,-296.054,38.000
-1063.257,-304.884,38.000
-890.126,-307.860,38.000
-670.082,-305.127,38.000
-392.410,-296.761,38.000
-48.776,-284.097,38.000
397.088,-263.607,38.000
974.978,-235.489,38.000
-1507.760,-144.219,39.000
-1527.928,-198.109,39.000
-1494.994,-234.455,39.000
-1423.663,-260.550,39.000
-1317.864,-279.626,39.000
-1166.293,-290.789,39.000
-960.212,-294.540,39.000
-680.484,-289.771,39.000
-312.270,-277.567,39.000
179.069,-256.546,39.000
853.801,-223.707,39.000
-1488.195,-118.807,40.000
-1535.013,-179.927,40.000
-1512.592,-220.260,40.000
-1448.528,-250.613,40.000
-1338.174,-272.244,40.000
-1171.650,-285.598,40.000
-925.861,-289.238,40.000
-563.142,-280.787,40.000
-54.173,-261.848,40.000
706.085,-225.416,40.000
-1378.748,-80.075,41.000
-1476.800,-152.089,41.000
-1475.407,-197.111,41.000
-1427.631,-231.962,41.000
-1331.263,-258.771,41.000
-1167.173,-276.811,41.000
-892.802,-282.984,41.000
-427.356,-271.821,41.000
342.059,-239.599,41.000
-1486.129,-52.824,42.000
-1614.145,-126.465,42.000
-1631.540,-175.649,42.000
-1595.128,-215.403,42.000
-1494.466,-247.177,42.000
-1284.180,-268.840,42.000
-799.423,-268.887,42.000
504.834,-214.130,42.000
-1336.232,-27.528,43.000
-1449.290,-93.484,43.000
-1469.984,-143.838,43.000
-1429.557,-186.833,43.000
-1295.048,-222.847,43.000
-868.435,-243.015,43.000
-1222.225,50.006,44.000
-1509.991,-38.875,44.000
-1590.054,-99.231,44.000
-1590.999,-151.080,44.000
-1501.920,-198.051,44.000
-1007.800,-233.899,44.000
-1207.067,69.935,45.000
-1437.999,1.738,45.000
-1534.053,-53.570,45.000
-1561.885,-104.269,45.000
-1520.437,-153.965,45.000
-1060.688,168.286,46.000
-1300.696,112.086,46.000
-1422.706,62.205,46.000
-1486.402,14.518,46.000
-1499.438,-33.658,46.000
-1422.706,-87.743,46.000
-859.653,210.450,47.000
-1091.763,165.580,47.000
-1226.045,121.897,47.000
-1312.768,78.639,47.000
-1360.060,34.138,47.000
-1356.894,-15.069,47.000
-340.256,274.932,48.000
-754.585,245.704,48.000
-963.386,209.271,48.000
-1103.921,171.625,48.000
-1200.813,132.600,48.000
-1267.262,91.952,48.000
-1296.288,46.806,48.000
-1254.147,-11.435,48.000
-306.970,283.819,49.000
-592.662,259.557,49.000
-779.034,229.443,49.000
-911.866,196.246,49.000
-1013.770,161.483,49.000
-1089.062,124.397,49.000
-1136.094,83.148,49.000
-1141.781,32.906,49.000
26.978,301.172,50.000
-314.609,293.834,50.000
-528.424,273.576,50.000
-686.767,248.879,50.000
-811.114,221.697,50.000
-909.368,192.149,50.000
-987.728,160.457,50.000
-1047.554,125.901,50.000
-1085.754,86.484,50.000
-1070.763,30.703,50.000
324.262,278.176,51.000
-88.214,292.811,51.000
-338.315,284.522,51.000
-522.328,268.455,51.000
-665.715,247.813,51.000
-783.312,224.611,51.000
-881.295,199.305,51.000
-963.236,171.955,51.000
-1030.721,142.191,51.000
-1083.304,109.014,51.000
-1113.628,68.716,51.000
1388.764,176.578,52.000
472.776,297.060,52.000
70.645,322.505,52.000
-196.559,326.119,52.000
-393.385,318.958,52.000
-549.711,306.249,52.000
-678.529,289.952,52.000
-787.499,271.158,52.000
-881.150,250.388,52.000
-962.367,227.869,52.000
-1032.704,203.506,52.000
-1092.663,176.864,52.000
-1141.334,146.907,52.000
-1174.910,111.155,52.000
-1149.923,47.434,52.000
1264.144,202.195,53.000
646.909,281.765,53.000
283.848,310.849,53.000
22.403,321.896,53.000
-176.704,321.983,53.000
-336.975,315.689,53.000
-470.651,305.269,53.000
-585.153,292.051,53.000
-685.160,276.823,53.000
-773.665,260.012,53.000
-852.543,241.777,53.000
-921.627,221.464,53.000
-983.258,199.614,53.000
-1037.452,175.771,53.000
-1083.263,148.950,53.000
-1117.700,116.937,53.000
-1124.587,69.606,53.000
1276.362,196.762,54.000
762.815,266.311,54.000
422.339,298.396,54.000
165.402,314.036,54.000
-38.977,319.759,54.000
-206.138,318.450,54.000
-346.557,312.194,54.000
-467.609,302.564,54.000
-574.028,290.533,54.000
-668.952,276.699,54.000
-754.199,261.258,54.000
-829.909,243.693,54.000
-898.763,224.836,54.000
-961.235,204.514,54.000
-1017.357,182.330,54.000
-1066.490,157.474,54.000
-1106.233,127.958,54.000
-1129.221,88.312,54.000
1830.299,102.684,55.000
1143.002,228.521,55.000
741.455,281.532,55.000
446.040,310.659,55.000
211.716,327.086,55.000
17.206,335.884,55.000
-144.989,337.929,55.000
-283.983,335.380,55.000
-404.444,329.038,55.000
-511.386,320.239,55.000
-607.717,309.647,55.000
-695.452,297.688,55.000
-774.279,283.659,55.000
-846.543,268.345,55.000
-913.425,252.033,55.000
-974.431,234.064,55.000
-1029.695,214.123,55.000
-1079.937,192.289,55.000
-1124.160,167.495,55.000
-1159.567,137.245,55.000
-1174.933,92.367,55.000
1597.097,156.380,56.000
1137.990,232.572,56.000
812.565,274.553,56.000
555.674,300.848,56.000
345.321,316.794,56.000
166.343,326.407,56.000
11.920,331.018,56.000
-122.666,331.464,56.000
-241.797,328.782,56.000
-347.511,323.115,56.000
-442.829,315.303,56.000
-530.475,306.270,56.000
-610.657,295.658,56.000
-684.115,283.450,56.000
-753.023,270.609,56.000
-816.185,256.032,56.000
-875.058,240.335,56.000
-930.440,223.795,56.000
-980.642,204.884,56.000
-1026.782,184.070,56.000
-1068.097,160.409,56.000
-1101.961,131.279,56.000
-1117.254,86.338,56.000
1500.309,175.323,57.000
1145.139,231.532,57.000
869.787,267.145,57.000
644.379,290.738,57.000
452.668,306.918,57.000
286.764,317.524,57.000
140.994,323.894,57.000
12.179,326.499,57.000
-103.079,326.177,57.000
-207.647,323.739,57.000
-301.807,318.686,57.000
-388.352,312.090,57.000
-469.210,304.708,57.000
-542.707,295.049,57.000
-612.336,285.047,57.000
-676.887,273.568,57.000
-737.603,261.187,57.000
-794.915,247.965,57.000
-848.153,233.107,57.000
-898.978,217.683,57.000
-945.749,200.076,57.000
-989.264,180.654,57.000
-1029.112,158.736,57.000
-1063.121,131.867,57.000
-1083.780,91.934,57.000
1502.604,172.609,58.000
1187.860,223.322,58.000
934.282,257.381,58.000
720.153,281.683,58.000
536.293,298.519,58.000
374.489,310.406,58.000
230.235,318.490,58.000
100.250,323.578,58.000
-15.839,325.004,58.000
-121.599,324.101,58.000
-219.106,321.552,58.000
-307.888,316.503,58.000
-390.545,310.181,58.000
-467.963,302.817,58.000
-539.544,293.603,58.000
-607.868,284.131,58.000
-670.963,272.581,58.000
-731.439,260.736,58.000
-788.053,247.324,58.000
-841.815,232.938,58.000
-892.931,217.532,58.000
-940.423,199.931,58.000
-985.385,180.883,58.000
-1027.125,159.418,58.000
-1063.650,133.055,58.000
-1088.104,93.579,58.000
1745.870,124.892,59.000
1412.461,186.972,59.000
1146.186,229.062,59.000
923.556,259.012,59.000
730.845,281.434,59.000
561.445,298.144,59.000
410.717,310.372,59.000
275.046,319.118,59.000
151.656,325.161,59.000
38.612,328.975,59.000
-64.873,330.419,59.000
-159.505,329.355,59.000
-248.185,327.284,59.000
-329.746,322.932,59.000
-406.731,317.773,59.000
-478.814,311.227,59.000
-546.876,303.672,59.000
-611.344,295.179,59.000
-672.336,285.580,59.000
-730.573,275.269,59.000
-785.685,263.665,59.000
-838.671,251.494,59.000
-888.616,237.625,59.000
-937.046,223.395,59.000
-982.038,206.528,59.000
-1025.026,188.290,59.000
-1065.392,167.711,59.000
-1101.353,142.259,59.000
-1125.989,102.471,59.000
1654.716,139.649,60.000
1382.610,188.160,60.000
1154.811,223.569,60.000
959.082,249.891,60.000
786.456,270.288,60.000
632.343,286.065,60.000
493.278,298.211,60.000
366.532,307.533,60.000
250.036,314.630,60.000
143.433,319.084,60.000
44.377,321.933,60.000
-47.855,323.216,60.000
-132.968,322.233,60.000
-213.769,320.744,60.000
-288.332,316.839,60.000
-360.033,312.972,60.000
-426.627,306.929,60.000
-491.098,301.075,60.000
-551.357,293.247,60.000
-609.867,285.543,60.000
-665.018,276.165,60.000
-718.572,266.690,60.000
-769.364,255.691,60.000
-818.683,244.371,60.000
-865.566,231.440,60.000
-911.201,218.091,60.000
-954.230,202.446,60.000
-995.927,185.856,60.000
-1035.114,166.514,60.000
-1071.000,142.906,60.000
-1101.487,111.374,60.000
1658.769,136.628,61.000
1410.431,181.626,61.000
1198.428,215.279,61.000
1012.214,241.598,61.000
846.435,262.276,61.000
697.132,278.561,61.000
561.493,291.276,61.000
437.165,301.164,61.000
322.236,308.863,61.000
215.162,314.904,61.000
116.051,318.672,61.000
23.225,320.963,61.000
-63.948,321.864,61.000
-145.255,320.780,61.000
-222.661,319.032,61.000
-295.053,315.298,61.000
-364.588,311.251,61.000
-430.065,305.476,61.000
-493.200,299.397,61.000
-553.147,291.921,61.000
-610.981,283.945,61.000
-666.370,274.900,61.000
-719.761,265.076,61.000
-771.222,254.356,61.000
-820.794,242.581,61.000
-868.693,229.817,61.000
-914.928,215.871,61.000
-959.297,200.226,61.000
-1002.463,183.586,61.000
-1042.760,163.192,61.000
-1080.514,139.046,61.000
-1113.115,106.294,61.000
1826.004,92.631,62.000
1573.297,143.559,62.000
1357.806,182.075,62.000
1169.693,211.902,62.000
1001.601,236.024,62.000
849.976,255.528,62.000
711.931,271.344,62.000
585.162,284.238,62.000
467.827,294.836,62.000
358.659,303.487,62.000
257.354,309.873,62.000
161.847,315.166,62.000
72.224,318.883,62.000
-12.154,321.170,62.000
-92.029,322.324,62.000
-167.373,321.974,62.000
-239.131,320.703,62.000
-307.374,318.295,62.000
-372.492,314.874,62.000
-435.131,310.886,62.000
-494.783,305.534,62.000
-552.895,300.253,62.000
-607.973,293.072,62.000
-661.881,286.043,62.000
-713.532,277.622,62.000
-763.838,268.796,62.000
-812.531,259.032,62.000
-859.721,248.283,62.000
-905.698,236.787,62.000
-950.154,223.871,62.000
-993.420,209.829,62.000
-1035.364,194.211,62.000
-1075.473,175.821,62.000
-1113.846,154.414,62.000
-1148.620,125.877,62.000
1632.565,129.839,63.000
1431.879,166.407,63.000
1253.602,195.785,63.000
1093.425,219.488,63.000
947.570,239.032,63.000
813.572,255.300,63.000
689.825,268.734,63.000
575.073,279.634,63.000
467.671,288.745,63.000
366.598,296.428,63.000
272.144,301.971,63.000
182.327,306.718,63.000
97.597,309.897,63.000
16.970,312.090,63.000
-59.431,312.850,63.000
-132.481,312.760,63.000
-201.850,311.177,63.000
-268.811,309.231,63.000
-332.363,305.529,63.000
-394.275,301.910,63.000
-453.156,296.461,63.000
-510.579,290.931,63.000
-565.891,284.285,63.000
-619.529,276.899,63.000
-671.822,269.061,63.000
-722.248,259.807,63.000
-771.895,250.604,63.000
-819.540,239.324,63.000
-866.656,228.164,63.000
-911.963,214.743,63.000
-956.766,201.132,63.000
-999.749,184.644,63.000
-1041.762,166.549,63.000
-1082.359,145.597,63.000
-1119.990,117.827,63.000
1796.196,96.824,64.000
1595.478,136.833,64.000
1417.502,168.962,64.000
1256.859,195.584,64.000
1110.757,217.612,64.000
976.387,236.230,64.000
852.246,251.835,64.000
736.802,264.985,64.000
628.659,276.270,64.000
526.779,286.097,64.000
431.423,293.767,64.000
340.724,300.578,64.000
254.973,305.895,64.000
173.210,310.319,64.000
95.360,313.615,64.000
20.914,316.027,64.000
-50.003,317.124,64.000
-118.427,317.823,64.000
-183.418,316.750,64.000
-246.656,315.706,64.000
-306.981,313.006,64.000
-365.617,310.008,64.000
-422.411,306.331,64.000
-477.185,301.504,64.000
-530.911,296.770,64.000
-582.550,290.362,64.000
-633.231,283.846,64.000
-682.638,276.554,64.000
-730.730,268.215,64.000
-778.161,259.824,64.000
-824.015,249.480,64.000
-869.463,239.229,64.000
-913.531,226.901,64.000
-957.201,214.318,64.000
-999.486,199.035,64.000
-1041.207,182.582,64.000
-1081.650,162.836,64.000
-1120.129,137.293,64.000
-1151.912,91.142,64.000
1792.697,92.363,65.000
1606.162,130.104,65.000
1438.593,161.118,65.000
1286.618,186.704,65.000
1146.976,208.389,65.000
1017.801,226.858,65.000
897.552,242.693,65.000
784.917,256.423,65.000
679.519,267.838,65.000
579.979,277.714,65.000
485.419,286.483,65.000
396.284,293.305,65.000
310.889,299.537,65.000
229.855,304.201,65.000
151.890,308.405,65.000
77.594,311.185,65.000
5.684,313.785,65.000
-62.634,314.469,65.000
-129.067,315.123,65.000
-192.642,314.246,65.000
-254.287,312.845,65.000
-314.092,310.852,65.000
-371.700,307.513,65.000
-428.169,304.232,65.000
-482.622,299.437,65.000
-535.932,294.333,65.000
-588.083,288.738,65.000
-638.718,281.808,65.000
-688.704,274.962,65.000
-737.264,266.514,65.000
-785.161,257.773,65.000
-832.145,248.041,65.000
-878.264,237.184,65.000
-923.783,225.588,65.000
-968.400,212.256,65.000
-1012.435,197.689,65.000
-1055.747,181.167,65.000
-1097.994,161.197,65.000
-1139.075,136.704,65.000
-1177.149,100.279,65.000
1743.651,89.106,66.000
1578.505,122.103,66.000
1428.141,149.888,66.000
1290.174,173.393,66.000
1162.373,193.646,66.000
1043.257,211.233,66.000
931.591,226.660,66.000
826.883,239.841,66.000
727.983,251.384,66.000
633.946,261.816,66.000
545.100,270.408,66.000
460.061,278.259,66.000
379.108,284.749,66.000
301.348,290.584,66.000
227.007,295.217,66.000
155.164,299.508,66.000
86.424,302.444,66.000
19.630,305.296,66.000
-44.345,306.653,66.000
-106.479,307.641,66.000
-166.741,308.025,66.000
-224.818,307.094,66.000
-281.685,306.183,66.000
-336.677,304.013,66.000
-390.344,301.298,66.000
-443.101,298.630,66.000
-494.068,294.171,66.000
-544.319,289.771,66.000
-593.626,284.838,66.000
-641.760,278.677,66.000
-689.393,272.581,66.000
-736.000,265.155,66.000
-782.009,257.203,66.000
-827.508,248.774,66.000
-872.167,238.725,66.000
-916.653,228.714,66.000
-960.221,216.202,66.000
-1003.743,203.629,66.000
-1046.412,187.864,66.000
-1088.819,170.441,66.000
-1130.697,149.694,66.000
-1171.053,119.973,66.000
1739.658,84.579,67.000
1584.809,116.046,67.000
1442.992,142.606,67.000
1311.625,165.603,67.000
1189.382,185.485,67.000
1074.985,202.786,67.000
967.367,217.963,67.000
865.602,231.443,67.000
769.176,243.311,67.000
677.717,253.546,67.000
590.146,262.970,67.000
506.897,270.748,67.000
426.740,278.007,67.000
350.155,283.873,67.000
276.057,289.442,67.000
205.110,293.587,67.000
136.170,297.605,67.000
69.844,300.424,67.000
5.383,302.897,67.000
-57.118,304.682,67.000
-117.543,305.358,67.000
-176.677,306.014,67.000
-233.814,305.235,67.000
-289.668,304.051,67.000
-344.468,302.736,67.000
-397.535,299.756,67.000
-449.829,296.816,67.000
-501.112,293.274,67.000
-551.239,288.584,67.000
-600.811,283.943,67.000
-649.397,278.122,67.000
-697.313,271.681,67.000
-744.833,265.199,67.000
-791.397,256.833,67.000
-837.739,248.505,67.000
-883.488,238.820,67.000
-928.888,228.274,67.000
-973.961,216.643,67.000
-1018.683,203.435,67.000
-1063.140,188.505,67.000
-1107.438,171.777,67.000
-1151.224,150.545,67.000
-1194.510,123.188,67.000
1663.823,102.441,68.000
1528.515,128.691,68.000
1402.709,151.435,68.000
1284.986,171.344,68.000
1174.207,188.951,68.000
1069.597,204.531,68.000
970.610,218.181,68.000
876.325,230.486,68.000
786.331,241.541,68.000
700.531,251.094,68.000
617.914,260.055,68.000
539.028,267.425,68.000
462.632,274.536,68.000
389.431,280.168,68.000
318.333,285.590,68.000
249.812,289.879,68.000
183.238,293.750,68.000
118.593,297.022,68.000
55.908,299.418,68.000
-5.410,301.757,68.000
-64.709,302.657,68.000
-122.751,303.296,68.000
-179.587,303.602,68.000
-234.762,302.429,68.000
-289.093,301.270,68.000
-342.306,299.356,68.000
-394.393,296.426,68.000
-445.863,293.529,68.000
-496.323,289.459,68.000
-546.083,284.801,68.000
-595.424,280.181,68.000
-643.825,273.785,68.000
-691.914,267.321,68.000
-739.561,260.152,68.000
-786.690,251.687,68.000
-833.709,243.241,68.000
-880.166,232.547,68.000
-926.634,221.758,68.000
-972.761,208.690,68.000
-1018.968,195.048,68.000
-1064.900,177.880,68.000
-1110.899,158.217,68.000
-1156.827,133.232,68.000
-1202.077,92.474,68.000
1681.476,89.045,69.000
1552.014,114.911,69.000
1431.041,137.507,69.000
1317.275,157.508,69.000
1209.889,175.233,69.000
1108.068,191.079,69.000
1011.101,205.418,69.000
918.869,217.976,69.000
830.545,229.376,69.000
745.746,239.773,69.000
664.494,248.811,69.000
585.964,257.313,69.000
510.528,264.475,69.000
437.330,271.275,69.000
366.711,276.948,69.000
298.083,282.172,69.000
231.459,286.703,69.000
166.752,290.456,69.000
103.294,294.437,69.000
41.818,297.090,69.000
-18.452,299.681,69.000
-77.287,301.567,69.000
-134.674,302.482,69.000
-191.138,303.383,69.000
-246.230,303.020,69.000
-300.363,302.138,69.000
-353.810,301.267,69.000
-406.028,298.696,69.000
-457.685,296.048,69.000
-508.750,293.067,69.000
-558.955,288.614,69.000
-608.822,284.190,69.000
-658.130,278.771,69.000
-706.987,272.434,69.000
-755.677,266.119,69.000
-803.819,257.705,69.000
-851.925,249.277,69.000
-899.770,239.209,69.000
-947.583,228.299,69.000
-995.323,215.602,69.000
-1043.168,201.642,69.000
-1091.039,184.425,69.000
-1139.162,164.302,69.000
-1187.541,137.942,69.000
-1236.080,92.343,69.000
1689.153,82.355,70.000
1558.597,109.034,70.000
1436.768,132.263,70.000
1322.209,152.881,70.000
1214.103,171.196,70.000
1111.631,187.600,70.000
1014.095,202.447,70.000
921.392,215.433,70.000
832.576,227.324,70.000
747.397,238.101,70.000
665.739,247.591,70.000
586.889,256.455,70.000
511.120,264.030,70.000
437.653,271.177,70.000
366.765,277.228,70.000
297.913,282.784,70.000
231.076,287.656,70.000
166.186,291.728,70.000
102.728,295.709,70.000
41.252,298.361,70.000
-19.019,300.953,70.000
-77.853,302.839,70.000
-135.240,303.754,70.000
-191.704,304.654,70.000
-246.796,304.292,70.000
-300.929,303.410,70.000
-354.376,302.539,70.000
-406.594,299.968,70.000
-458.251,297.320,70.000
-509.316,294.339,70.000
-559.521,289.885,70.000
-609.388,285.462,70.000
-658.696,280.043,70.000
-707.553,273.706,70.000
-756.243,267.390,70.000
-804.385,258.977,70.000
-852.491,250.548,70.000
-900.336,240.480,70.000
-948.149,229.570,70.000
-995.889,216.873,70.000
-1043.734,202.914,70.000
-1091.606,185.696,70.000
-1139.728,165.574,70.000
-1188.108,139.213,70.000
-1236.646,93.614,70.000
1689.153,82.355,71.000
1558.597,109.034,71.000
1436.768,132.263,71.000
1322.209,152.881,71.000
1214.103,171.196,71.000
1111.631,187.600,71.000
1014.095,202.447,71.000
921.392,215.433,71.000
832.576,227.324,71.000
747.397,238.101,71.000
665.739,247.591,71.000
586.889,256.455,71.000
511.120,264.030,71.000
437.653,271.177,71.000
366.765,277.228,71.000
297.913,282.784,71.000
231.076,287.656,71.000
166.186,291.728,71.000
102.728,295.709,71.000
41.252,298.361,71.000
-19.019,300.953,71.000
-77.853,302.839,71.000
-135.240,303.754,71.000
-191.704,304.654,71.000
-246.796,304.292,71.000
-300.929,303.410,71.000
-354.376,302.539,71.000
-406.594,299.968,71.000
-458.251,297.320,71.000
-509.316,294.339,71.000
-559.521,289.885,71.000
-609.388,285.462,71.000
-658.696,280.043,71.000
-707.553,273.706,71.000
-756.243,267.390,71.000
-804.385,258.977,71.000
-852.491,250.548,71.000
-900.336,240.480,71.000
-948.149,229.570,71.000
-995.889,216.873,71.000
-1043.734,202.914,71.000
-1091.606,185.696,71.000
-1139.728,165.574,71.000
-1188.108,139.213,71.000
-1236.646,93.614,71.000
1689.153,82.355,72.000
1558.597,109.034,72.000
1436.768,132.263,72.000
1322.209,152.881,72.000
1214.103,171.196,72.000
1111.631,187.600,72.000
1014.095,202.447,72.000
921.392,215.433,72.000
832.576,227.324,72.000
747.397,238.101,72.000
665.739,247.591,72.000
586.889,256.455,72.000
511.120,264.030,72.000
437.653,271.177,72.000
366.765,277.228,72.000
297.913,282.784,72.000
231.076,287.656,72.000
166.186,291.728,72.000
102.728,295.709,72.000
41.252,298.361,72.000
-19.019,300.953,72.000
-77.853,302.839,72.000
-135.240,303.754,72.000
-191.704,304.654,72.000
-246.796,304.292,72.000
-300.929,303.410,72.000
-354.376,302.539,72.000
-406.594,299.968,72.000
-458.251,297.320,72.000
-509.316,294.339,72.000
-559.521,289.885,72.000
-609.388,285.462,72.000
-658.696,280.043,72.000
-707.553,273.706,72.000
-756.243,267.390,72.000
-804.385,258.977,72.000
-852.491,250.548,72.000
-900.336,240.480,72.000
-948.149,229.570,72.000
-995.889,216.873,72.000
-1043.734,202.914,72.000
-1091.606,185.696,72.000
-1139.728,165.574,72.000
-1188.108,139.213,72.000
-1236.646,93.614,72.000
1689.153,82.355,73.000
1558.597,109.034,73.000
1436.768,132.263,73.000
1322.209,152.881,73.000
1214.103,171.196,73.000
1111.631,187.600,73.000
1014.095,202.447,73.000
921.392,215.433,73.000
832.576,227.324,73.000
747.397,238.101,73.000
665.739,247.591,73.000
586.889,256.455,73.000
511.120,264.030,73.000
437.653,271.177,73.000
366.765,277.228,73.000
297.913,282.784,73.000
231.076,287.656,73.000
166.186,291.728,73.000
102.728,295.709,73.000
41.252,298.361,73.000
-19.019,300.953,73.000
-77.853,302.839,73.000
-135.240,303.754,73.000
-191.704,304.654,73.000
-246.796,304.292,73.000
-300.929,303.410,73.000
-354.376,302.539,73.000
-406.594,299.968,73.000
-458.251,297.320,73.000
-509.316,294.339,73.000
-559.521,289.885,73.000
-609.388,285.462,73.000
-658.696,280.043,73.000
-707.553,273.706,73.000
-756.243,267.390,73.000
-804.385,258.977,73.000
-852.491,250.548,73.000
-900.336,240.480,73.000
-948.149,229.570,73.000
-995.889,216.873,73.000
-1043.734,202.914,73.000
-1091.606,185.696,73.000
-1139.728,165.574,73.000
-1188.108,139.213,73.000
-1236.646,93.614,73.000
1689.153,82.355,74.000
1558.597,109.034,74.000
1436.768,132.263,74.000
1322.209,152.881,74.000
1214.103,171.196,74.000
1111.631,187.600,74.000
1014.095,202.447,74.000
921.392,215.433,74.000
832.576,227.324,74.000
747.397,238.101,74.000
665.739,247.591,74.000
586.889,256.455,74.000
511.120,264.030,74.000
437.653,271.177,74.000
366.765,277.228,74.000
297.913,282.784,74.000
231.076,287.656,74.000
166.186,291.728,74.000
102.728,295.709,74.000
41.252,298.361,74.000
-19.019,300.953,74.000
-77.853,302.839,74.000
-135.240,303.754,74.000
-191.704,304.654,74.000
-246.796,304.292,74.000
-300.929,303.410,74.000
-354.376,302.539,74.000
-406.594,299.968,74.000
-458.251,297.320,74.000
-509.316,294.339,74.000
-559.521,289.885,74.000
-609.388,285.462,74.000
-658.696,280.043,74.000
-707.553,273.706,74.000
-756.243,267.390,74.000
-804.385,258.977,74.000
-852.491,250.548,74.000
-900.336,240.480,74.000
-948.149,229.570,74.000
-995.889,216.873,74.000
-1043.734,202.914,74.000
-1091.606,185.696,74.000
-1139.728,165.574,74.000
-1188.108,139.213,74.000
-1236.646,93.614,74.000
1689.153,82.355,75.000
1558.597,109.034,75.000
1436.768,132.263,75.000
1322.209,152.881,75.000
1214.103,171.196,75.000
1111.631,187.600,75.000
1014.095,202.447,75.000
921.392,215.433,75.000
832.576,227.324,75.000
747.397,238.101,75.000
665.739,247.591,75.000
586.889,256.455,75.000
511.120,264.030,75.000
437.653,271.177,75.000
366.765,277.228,75.000
297.913,282.784,75.000
231.076,287.656,75.000
166.186,291.728,75.000
102.728,295.709,75.000
41.252,298.361,75.000
-19.019,300.953,75.000
-77.853,302.839,75.000
-135.240,303.754,75.000
-191.704,304.654,75.000
-246.796,304.292,75.000
-300.929,303.410,75.000
-354.376,302.539,75.000
-406.594,299.968,75.000
-458.251,297.320,75.000
-509.316,294.339,75.000
-559.521,289.885,75.000
-609.388,285.462,75.000
-658.696,280.043,75.000
-707.553,273.706,75.000
-756.243,267.390,75.000
-804.385,258.977,75.000
-852.491,250.548,75.000
-900.336,240.480,75.000
-948.149,229.570,75.000
-995.889,216.873,75.000
-1043.734,202.914,75.000
-1091.606,185.696,75.000
-1139.728,165.574,75.000
-1188.108,139.213,75.000
-1236.646,93.614,75.000
1689.153,82.355,76.000
1558.597,109.034,76.000
1436.768,132.263,76.000
1322.209,152.881,76.000
1214.103,171.196,76.000
1111.631,187.600,76.000
1014.095,202.447,76.000
921.392,215.433,76.000
832.576,227.324,76.000
747.397,238.101,76.000
665.739,247.591,76.000
586.889,256.455,76.000
511.120,264.030,76.000
437.653,271.177,76.000
366.765,277.228,76.000
297.913,282.784,76.000
231.076,287.656,76.000
166.186,291.728,76.000
102.728,295.709,76.000
41.252,298.361,76.000
-19.019,300.953,76.000
-77.853,302.839,76.000
-135.240,303.754,76.000
-191.704,304.654,76.000
-246.796,304.292,76.000
-300.929,303.410,76.000
-354.376,302.539,76.000
-406.594,299.968,76.000
-458.251,297.320,76.000
-509.316,294.339,76.000
-559.521,289.885,76.000
-609.388,285.462,76.000
-658.696,280.043,76.000
-707.553,273.706,76.000
-756.243,267.390,76.000
-804.385,258.977,76.000
-852.491,250.548,76.000
-900.336,240.480,76.000
-948.149,229.570,76.000
-995.889,216.873,76.000
-1043.734,202.914,76.000
-1091.606,185.696,76.000
-1139.728,165.574,76.000
-1188.108,139.213,76.000
-1236.646,93.614,76.000
1689.153,82.355,77.000
1558.597,109.034,77.000
1436.768,132.263,77.000
1322.209,152.881,77.000
1214.103,171.196,77.000
1111.631,187.600,77.000
1014.095,202.447,77.000
921.392,215.433,77.000
832.576,227.324,77.000
747.397,238.101,77.000
665.739,247.591,77.000
586.889,256.455,77.000
511.120,264.030,77.000
437.653,271.177,77.000
366.765,277.228,77.000
297.913,282.784,77.000
231.076,287.656,77.000
166.186,291.728,77.000
102.728,295.709,77.000
41.252,298.361,77.000
-19.019,300.953,77.000
-77.853,302.839,77.000
-135.240,303.754,77.000
-191.704,304.654,77.000
-246.796,304.292,77.000
-300.929,303.410,77.000
-354.376,302.539,77.000
-406.594,299.968,77.000
-458.251,297.320,77.000
-509.316,294.339,77.000
-559.521,289.885,77.000
-609.388,285.462,77.000
-658.696,280.043,77.000
-707.553,273.706,77.000
-756.243,267.390,77.000
-804.385,258.977,77.000
-852.491,250.548,77.000
-900.336,240.480,77.000
-948.149,229.570,77.000
-995.889,216.873,77.000
-1043.734,202.914,77.000
-1091.606,185.696,77.000
-1139.728,165.574,77.000
-1188.108,139.213,77.000
-1236.646,93.614,77.000
1689.153,82.355,78.000
1558.597,109.034,78.000
1436.768,132.263,78.000
1322.209,152.881,78.000
1214.103,171.196,78.000
1111.631,187.600,78.000
1014.095,202.447,78.000
921.392,215.433,78.000
832.576,227.324,78.000
747.397,238.101,78.000
665.739,247.591,78.000
586.889,256.455,78.000
511.120,264.030,78.000
437.653,271.177,78.000
366.765,277.228,78.000
297.913,282.784,78.000
231.076,287.656,78.000
166.186,291.728,78.000
102.728,295.709,78.000
41.252,298.361,78.000
-19.019,300.953,78.000
-77.853,302.839,78.000
-135.240,303.754,78.000
-191.704,304.654,78.000
-246.796,304.292,78.000
-300.929,303.410,78.000
-354.376,302.539,78.000
-406.594,299.968,78.000
-458.251,297.320,78.000
-509.316,294.339,78.000
-559.521,289.885,78.000
-609.388,285.462,78.000
-658.696,280.043,78.000
-707.553,273.706,78.000
-756.243,267.390,78.000
-804.385,258.977,78.000
-852.491,250.548,78.000
-900.336,240.480,78.000
-948.149,229.570,78.000
-995.889,216.873,78.000
-1043.734,202.914,78.000
-1091.606,185.696,78.000
-1139.728,165.574,78.000
-1188.108,139.213,78.000
-1236.646,93.614,78.000
1689.153,82.355,79.000
1558.597,109.034,79.000
1436.768,132.263,79.000
1322.209,152.881,79.000
1214.103,171.196,79.000
1111.631,187.600,79.000
1014.095,202.447,79.000
921.392,215.433,79.000
832.576,227.324,79.000
747.397,238.101,79.000
665.739,247.591,79.000
586.889,256.455,79.000
511.120,264.030,79.000
437.653,271.177,79.000
366.765,277.228,79.000
297.913,282.784,79.000
231.076,287.656,79.000
166.186,291.728,79.000
102.728,295.709,79.000
41.252,298.361,79.000
-19.019,300.953,79.000
-77.853,302.839,79.000
-135.240,303.754,79.000
-191.704,304.654,79.000
-246.796,304.292,79.000
-300.929,303.410,79.000
-354.376,302.539,79.000
-406.594,299.968,79.000
-458.251,297.320,79.000
-509.316,294.339,79.000
-559.521,289.885,79.000
-609.388,285.462,79.000
-658.696,280.043,79.000
-707.553,273.706,79.000
-756.243,267.390,79.000
-804.385,258.977,79.000
-852.491,250.548,79.000
-900.336,240.480,79.000
-948.149,229.570,79.000
-995.889,216.873,79.000
-1043.734,202.914,79.000
-1091.606,185.696,79.000
-1139.728,165.574,79.000
-1188.108,139.213,79.000
-1236.646,93.614,79.000
