0.000,0.000,0.000
-1411.975,-208.074,0.000
-1336.284,-247.267,0.000
-1270.555,-265.594,0.000
-1208.987,-276.089,0.000
-1149.793,-282.666,0.000
-1092.266,-286.721,0.000
-1035.983,-289.056,0.000
-980.663,-290.194,0.000
-926.118,-290.445,0.000
-872.255,-289.831,0.000
-818.896,-288.778,0.000
-765.964,-287.370,0.000
-713.440,-285.404,0.000
-661.195,-283.272,0.000
-609.192,-280.947,0.000
-557.381,-278.466,0.000
-505.709,-275.947,0.000
-454.144,-273.370,0.000
-402.646,-270.795,0.000
-351.185,-268.214,0.000
-299.727,-265.624,0.000
-248.243,-263.023,0.000
-196.698,-260.390,0.000
-145.062,-257.736,0.000
-93.299,-255.021,0.000
-41.377,-252.278,0.000
10.742,-249.453,0.000
63.089,-246.604,0.000
115.708,-243.645,0.000
168.627,-240.657,0.000
221.892,-237.565,0.000
275.534,-234.434,0.000
329.594,-231.236,0.000
384.110,-227.990,0.000
439.122,-224.692,0.000
494.660,-221.386,0.000
550.769,-218.060,0.000
607.468,-214.802,0.000
664.810,-211.552,0.000
722.839,-208.320,0.000
781.569,-205.193,0.000
841.067,-202.099,0.000
901.379,-199.046,0.000
962.546,-196.055,0.000
1024.633,-193.088,0.000
1087.704,-190.128,0.000
1151.813,-187.184,0.000
1217.014,-184.273,0.000
1283.369,-181.402,0.000
1350.936,-178.586,0.000
1419.929,-175.556,0.000
1490.891,-171.497,0.000
-1411.975,-208.074,1.000
-1336.284,-247.267,1.000
-1270.555,-265.594,1.000
-1208.987,-276.089,1.000
-1149.793,-282.666,1.000
-1092.266,-286.721,1.000
-1035.983,-289.056,1.000
-980.663,-290.194,1.000
-926.118,-290.445,1.000
-872.255,-289.831,1.000
-818.896,-288.778,1.000
-765.964,-287.370,1.000
-713.440,-285.404,1.000
-661.195,-283.272,1.000
-609.192,-280.947,1.000
-557.381,-278.466,1.000
-505.709,-275.947,1.000
-454.144,-273.370,1.000
-402.646,-270.795,1.000
-351.185,-268.214,1.000
-299.727,-265.624,1.000
-248.243,-263.023,1.000
-196.698,-260.390,1.000
-145.062,-257.736,1.000
-93.299,-255.021,1.000
-41.377,-252.278,1.000
10.742,-249.453,1.000
63.089,-246.604,1.000
115.708,-243.645,1.000
168.627,-240.657,1.000
221.892,-237.565,1.000
275.534,-234.434,1.000
329.594,-231.236,1.000
384.110,-227.990,1.000
439.122,-224.692,1.000
494.660,-221.386,1.000
550.769,-218.060,1.000
607.468,-214.802,1.000
664.810,-211.552,1.000
722.839,-208.320,1.000
781.569,-205.193,1.000
841.067,-202.099,1.000
901.379,-199.046,1.000
962.546,-196.055,1.000
1024.633,-193.088,1.000
1087.704,-190.128,1.000
1151.813,-187.184,1.000
1217.014,-184.273,1.000
1283.369,-181.402,1.000
1350.936,-178.586,1.000
1419.929,-175.556,1.000
1490.891,-171.497,1.000
-1411.975,-208.074,2.000
-1336.284,-247.267,2.000
-1270.555,-265.594,2.000
-1208.987,-276.089,2.000
-1149.793,-282.666,2.000
-1092.266,-286.721,2.000
-1035.983,-289.056,2.000
-980.663,-290.194,2.000
-926.118,-290.445,2.000
-872.255,-289.831,2.000
-818.896,-288.778,2.000
-765.964,-287.370,2.000
-713.440,-285.404,2.000
-661.195,-283.272,2.000
-609.192,-280.947,2.000
-557.381,-278.466,2.000
-505.709,-275.947,2.000
-454.144,-273.370,2.000
-402.646,-270.795,2.000
-351.185,-268.214,2.000
-299.727,-265.624,2.000
-248.243,-263.023,2.000
-196.698,-260.390,2.000
-145.062,-257.736,2.000
-93.299,-255.021,2.000
-41.377,-252.278,2.000
10.742,-249.453,2.000
63.089,-246.604,2.000
115.708,-243.645,2.000
168.627,-240.657,2.000
221.892,-237.565,2.000
275.534,-234.434,2.000
329.594,-231.236,2.000
384.110,-227.990,2.000
439.122,-224.692,2.000
494.660,-221.386,2.000
550.769,-218.060,2.000
607.468,-214.802,2.000
664.810,-211.552,2.000
722.839,-208.320,2.000
781.569,-205.193,2.000
841.067,-202.099,2.000
901.379,-199.046,2.000
962.546,-196.055,2.000
1024.633,-193.088,2.000
1087.704,-190.128,2.000
1151.813,-187.184,2.000
1217.014,-184.273,2.000
1283.369,-181.402,2.000
1350.936,-178.586,2.000
1419.929,-175.556,2.000
1490.891,-171.497,2.000
-1411.975,-208.074,3.000
-1336.284,-247.267,3.000
-1270.555,-265.594,3.000
-1208.987,-276.089,3.000
-1149.793,-282.666,3.000
-1092.266,-286.721,3.000
-1035.983,-289.056,3.000
-980.663,-290.194,3.000
-926.118,-290.445,3.000
-872.255,-289.831,3.000
-818.896,-288.778,3.000
-765.964,-287.370,3.000
-713.440,-285.404,3.000
-661.195,-283.272,3.000
-609.192,-280.947,3.000
-557.381,-278.466,3.000
-505.709,-275.947,3.000
-454.144,-273.370,3.000
-402.646,-270.795,3.000
-351.185,-268.214,3.000
-299.727,-265.624,3.000
-248.243,-263.023,3.000
-196.698,-260.390,3.000
-145.062,-257.736,3.000
-93.299,-255.021,3.000
-41.377,-252.278,3.000
10.742,-249.453,3.000
63.089,-246.604,3.000
115.708,-243.645,3.000
168.627,-240.657,3.000
221.892,-237.565,3.000
275.534,-234.434,3.000
329.594,-231.236,3.000
384.110,-227.990,3.000
439.122,-224.692,3.000
494.660,-221.386,3.000
550.769,-218.060,3.000
607.468,-214.802,3.000
664.810,-211.552,3.000
722.839,-208.320,3.000
781.569,-205.193,3.000
841.067,-202.099,3.000
901.379,-199.046,3.000
962.546,-196.055,3.000
1024.633,-193.088,3.000
1087.704,-190.128,3.000
1151.813,-187.184,3.000
1217.014,-184.273,3.000
1283.369,-181.402,3.000
1350.936,-178.586,3.000
1419.929,-175.556,3.000
1490.891,-171.497,3.000
-1390.845,-240.845,4.000
-1326.591,-260.890,4.000
-1266.211,-272.909,4.000
-1208.232,-280.243,4.000
-1151.774,-285.008,4.000
-1096.454,-287.983,4.000
-1042.070,-289.426,4.000
-988.375,-289.917,4.000
-935.217,-289.777,4.000
-882.499,-289.156,4.000
-830.196,-287.818,4.000
-778.172,-286.215,4.000
-726.385,-284.295,4.000
-674.785,-282.075,4.000
-623.304,-279.769,4.000
-571.912,-277.291,4.000
-520.559,-274.791,4.000
-469.215,-272.249,4.000
-417.845,-269.700,4.000
-366.417,-267.145,4.000
-314.900,-264.571,4.000
-263.261,-261.985,4.000
-211.466,-259.354,4.000
-159.483,-256.705,4.000
-107.273,-253.975,4.000
-54.806,-251.222,4.000
-2.038,-248.375,4.000
51.061,-245.490,4.000
104.538,-242.508,4.000
158.426,-239.468,4.000
212.770,-236.341,4.000
267.607,-233.153,4.000
322.977,-229.906,4.000
378.927,-226.590,4.000
435.494,-223.229,4.000
492.713,-219.858,4.000
550.625,-216.492,4.000
609.269,-213.148,4.000
668.685,-209.847,4.000
728.926,-206.570,4.000
790.029,-203.355,4.000
852.038,-200.218,4.000
915.027,-197.109,4.000
979.053,-194.027,4.000
1044.180,-190.965,4.000
1110.484,-187.906,4.000
1178.017,-184.878,4.000
1246.848,-181.890,4.000
1317.046,-178.953,4.000
1388.766,-175.935,4.000
1462.564,-172.066,4.000
1539.484,-165.923,4.000
-1385.294,-208.657,5.000
-1321.930,-236.727,5.000
-1263.373,-252.847,5.000
-1207.404,-263.025,5.000
-1153.037,-269.893,5.000
-1099.807,-274.593,5.000
-1047.429,-277.770,5.000
-995.747,-279.640,5.000
-944.596,-280.570,5.000
-893.835,-280.962,5.000
-843.396,-280.864,5.000
-793.235,-280.148,5.000
-743.253,-279.198,5.000
-693.418,-277.844,5.000
-643.668,-276.282,5.000
-593.960,-274.575,5.000
-544.256,-272.705,5.000
-494.517,-270.800,5.000
-444.710,-268.829,5.000
-394.804,-266.851,5.000
-344.767,-264.860,5.000
-294.568,-262.855,5.000
-244.174,-260.826,5.000
-193.552,-258.770,5.000
-142.667,-256.672,5.000
-91.484,-254.527,5.000
-39.964,-252.324,5.000
11.929,-250.058,5.000
64.235,-247.730,5.000
116.996,-245.316,5.000
170.249,-242.840,5.000
224.046,-240.259,5.000
278.418,-237.624,5.000
333.421,-234.895,5.000
389.088,-232.115,5.000
445.476,-229.257,5.000
502.618,-226.368,5.000
560.564,-223.447,5.000
619.336,-220.573,5.000
679.003,-217.694,5.000
739.610,-214.838,5.000
801.187,-212.059,5.000
863.812,-209.313,5.000
927.542,-206.605,5.000
992.436,-203.949,5.000
1058.578,-201.311,5.000
1126.054,-198.670,5.000
1194.935,-196.041,5.000
1265.295,-193.439,5.000
1337.216,-190.873,5.000
1410.808,-188.315,5.000
1486.579,-185.162,5.000
1565.753,-179.887,5.000
-1344.638,-230.827,6.000
-1287.973,-251.990,6.000
-1234.239,-264.962,6.000
-1182.203,-273.570,6.000
-1131.308,-279.395,6.000
-1081.222,-283.368,6.000
-1031.736,-286.018,6.000
-982.751,-287.317,6.000
-934.095,-287.904,6.000
-885.681,-287.992,6.000
-837.465,-287.425,6.000
-789.366,-286.473,6.000
-741.331,-285.238,6.000
-693.321,-283.514,6.000
-645.279,-281.684,6.000
-597.169,-279.554,6.000
-548.952,-277.358,6.000
-500.593,-275.028,6.000
-452.062,-272.660,6.000
-403.325,-270.248,6.000
-354.353,-267.820,6.000
-305.114,-265.375,6.000
-255.574,-262.902,6.000
-205.700,-260.405,6.000
-155.453,-257.860,6.000
-104.801,-255.280,6.000
-53.697,-252.623,6.000
-2.109,-249.923,6.000
50.016,-247.125,6.000
102.706,-244.282,6.000
156.027,-241.313,6.000
210.005,-238.293,6.000
264.709,-235.145,6.000
320.169,-231.934,6.000
376.446,-228.634,6.000
433.588,-225.256,6.000
491.649,-221.803,6.000
550.669,-218.322,6.000
610.702,-214.820,6.000
671.790,-211.336,6.000
733.992,-207.875,6.000
797.375,-204.432,6.000
861.994,-201.031,6.000
927.899,-197.711,6.000
995.198,-194.411,6.000
1063.974,-191.125,6.000
1134.324,-187.840,6.000
1206.341,-184.556,6.000
1280.109,-181.295,6.000
1355.727,-178.067,6.000
1433.327,-174.845,6.000
1513.553,-170.934,6.000
1597.996,-164.539,6.000
-1334.010,-213.119,7.000
-1278.132,-240.964,7.000
-1225.379,-257.370,7.000
-1174.255,-268.307,7.000
-1124.209,-275.614,7.000
-1074.875,-280.607,7.000
-1026.034,-284.011,7.000
-977.540,-286.274,7.000
-929.295,-287.553,7.000
-881.216,-287.894,7.000
-833.215,-287.817,7.000
-785.240,-287.253,7.000
-737.236,-286.167,7.000
-689.158,-284.876,7.000
-640.950,-283.089,7.000
-592.583,-281.172,7.000
-544.009,-279.022,7.000
-495.200,-276.755,7.000
-446.120,-274.390,7.000
-396.738,-271.964,7.000
-347.023,-269.503,7.000
-296.941,-267.017,7.000
-246.459,-264.509,7.000
-195.536,-261.960,7.000
-144.139,-259.384,7.000
-92.218,-256.739,7.000
-39.739,-254.051,7.000
13.354,-251.271,7.000
67.097,-248.427,7.000
121.549,-245.489,7.000
176.757,-242.457,7.000
232.772,-239.331,7.000
289.662,-236.081,7.000
347.466,-232.751,7.000
406.259,-229.301,7.000
466.087,-225.772,7.000
527.020,-222.147,7.000
589.101,-218.481,7.000
652.393,-214.785,7.000
716.943,-211.102,7.000
782.821,-207.441,7.000
850.098,-203.810,7.000
918.845,-200.224,7.000
989.148,-196.683,7.000
1061.096,-193.189,7.000
1134.812,-189.703,7.000
1210.419,-186.201,7.000
1288.008,-182.716,7.000
1367.684,-179.271,7.000
1449.568,-175.873,7.000
1534.187,-172.043,7.000
1623.256,-165.963,7.000
-1302.606,-225.877,8.000
-1250.689,-246.996,8.000
-1200.304,-261.201,8.000
-1150.908,-270.535,8.000
-1102.103,-277.103,8.000
-1053.692,-281.482,8.000
-1005.518,-284.457,8.000
-957.477,-286.414,8.000
-909.490,-287.598,8.000
-861.483,-287.816,8.000
-813.400,-287.582,8.000
-765.198,-287.014,8.000
-716.800,-285.780,8.000
-668.190,-284.353,8.000
-619.305,-282.540,8.000
-570.115,-280.504,8.000
-520.586,-278.311,8.000
-470.675,-275.939,8.000
-420.362,-273.511,8.000
-369.603,-270.999,8.000
-318.372,-268.460,8.000
-266.629,-265.889,8.000
-214.334,-263.283,8.000
-161.444,-260.634,8.000
-107.912,-257.927,8.000
-53.692,-255.163,8.000
1.278,-252.304,8.000
57.034,-249.383,8.000
113.657,-246.329,8.000
171.182,-243.199,8.000
229.692,-239.933,8.000
289.242,-236.551,8.000
349.896,-233.058,8.000
411.732,-229.434,8.000
474.807,-225.714,8.000
539.204,-221.881,8.000
604.971,-217.997,8.000
672.175,-214.088,8.000
740.889,-210.174,8.000
811.181,-206.285,8.000
883.122,-202.455,8.000
956.817,-198.672,8.000
1032.374,-194.926,8.000
1109.917,-191.204,8.000
1189.585,-187.481,8.000
1271.511,-183.754,8.000
1355.815,-180.050,8.000
1442.606,-176.420,8.000
1532.382,-172.473,8.000
1627.055,-166.314,8.000
-1309.721,-207.668,9.000
-1258.258,-238.828,9.000
-1208.441,-256.680,9.000
-1159.411,-268.599,9.000
-1110.827,-276.878,9.000
-1062.490,-282.696,9.000
-1014.266,-286.811,9.000
-966.043,-289.316,9.000
-917.747,-290.790,9.000
-869.322,-291.557,9.000
-820.705,-291.639,9.000
-771.826,-291.031,9.000
-722.672,-290.106,9.000
-673.167,-288.694,9.000
-623.268,-286.888,9.000
-572.960,-284.884,9.000
-522.157,-282.495,9.000
-470.873,-280.028,9.000
-419.046,-277.389,9.000
-366.656,-274.686,9.000
-313.661,-271.922,9.000
-260.024,-269.119,9.000
-205.700,-266.278,9.000
-150.638,-263.380,9.000
-94.788,-260.428,9.000
-38.090,-257.398,9.000
19.516,-254.275,9.000
78.087,-251.066,9.000
137.708,-247.718,9.000
198.425,-244.272,9.000
260.334,-240.676,9.000
323.506,-236.936,9.000
388.009,-233.072,9.000
453.938,-229.061,9.000
521.369,-224.927,9.000
590.381,-220.687,9.000
661.050,-216.377,9.000
733.415,-212.090,9.000
807.596,-207.794,9.000
883.676,-203.528,9.000
961.742,-199.326,9.000
1041.923,-195.177,9.000
1124.362,-191.061,9.000
1209.226,-186.945,9.000
1296.676,-182.823,9.000
1386.846,-178.729,9.000
1479.870,-174.713,9.000
1576.484,-170.185,9.000
1679.649,-162.350,9.000
-1295.477,-203.500,10.000
-1246.501,-231.439,10.000
-1198.314,-248.692,10.000
-1150.518,-260.719,10.000
-1102.903,-269.304,10.000
-1055.336,-275.529,10.000
-1007.726,-280.105,10.000
-959.960,-283.064,10.000
-912.001,-285.037,10.000
-863.806,-286.303,10.000
-815.305,-286.855,10.000
-766.436,-286.737,10.000
-717.198,-286.292,10.000
-667.501,-285.340,10.000
-617.310,-283.993,10.000
-566.612,-282.435,10.000
-515.312,-280.486,10.000
-463.436,-278.446,10.000
-410.913,-276.235,10.000
-357.726,-273.951,10.000
-303.830,-271.603,10.000
-249.182,-269.209,10.000
-193.735,-266.771,10.000
-137.429,-264.271,10.000
-80.206,-261.701,10.000
-22.004,-259.055,10.000
37.259,-256.288,10.000
97.636,-253.431,10.000
159.226,-250.425,10.000
222.099,-247.285,10.000
286.331,-244.017,10.000
352.048,-240.551,10.000
419.303,-236.956,10.000
488.196,-233.223,10.000
558.841,-229.337,10.000
631.296,-225.371,10.000
705.644,-221.368,10.000
781.976,-217.360,10.000
860.408,-213.357,10.000
941.012,-209.431,10.000
1023.931,-205.570,10.000
1109.333,-201.746,10.000
1197.404,-197.928,10.000
1288.340,-194.094,10.000
1382.298,-190.278,10.000
1479.417,-186.549,10.000
1580.580,-182.239,10.000
1689.404,-174.149,10.000
-1270.871,-193.200,11.000
-1224.857,-225.360,11.000
-1179.206,-244.077,11.000
-1133.752,-257.461,11.000
-1088.314,-266.949,11.000
-1042.788,-273.769,11.000
-997.113,-278.793,11.000
-951.234,-282.511,11.000
-905.102,-285.232,11.000
-858.604,-286.793,11.000
-811.744,-287.684,11.000
-764.500,-288.125,11.000
-716.763,-287.885,11.000
-668.540,-287.280,11.000
-619.785,-286.344,11.000
-570.393,-284.896,11.000
-520.404,-283.288,11.000
-469.717,-281.358,11.000
-418.340,-279.299,11.000
-366.218,-277.099,11.000
-313.318,-274.810,11.000
-259.600,-272.462,11.000
-205.015,-270.061,11.000
-149.506,-267.608,11.000
-93.011,-265.090,11.000
-35.460,-262.488,11.000
23.211,-259.808,11.000
83.104,-256.987,11.000
144.276,-254.063,11.000
206.830,-250.995,11.000
270.865,-247.762,11.000
336.461,-244.384,11.000
403.746,-240.817,11.000
472.809,-237.089,11.000
543.754,-233.211,11.000
616.704,-229.179,11.000
691.735,-225.061,11.000
768.921,-220.932,11.000
848.400,-216.787,11.000
930.279,-212.672,11.000
1014.683,-208.621,11.000
1101.792,-204.614,11.000
1191.810,-200.623,11.000
1284.976,-196.604,11.000
1381.451,-192.612,11.000
1481.462,-188.654,11.000
1585.497,-184.507,11.000
1696.794,-177.528,11.000
-1245.347,-204.513,12.000
-1201.197,-235.303,12.000
-1156.644,-253.307,12.000
-1111.937,-266.254,12.000
-1066.965,-275.462,12.000
-1021.676,-282.035,12.000
-976.047,-286.795,12.000
-930.045,-290.226,12.000
-883.625,-292.605,12.000
-836.649,-293.706,12.000
-789.187,-294.230,12.000
-741.195,-294.257,12.000
-692.534,-293.519,12.000
-643.257,-292.454,12.000
-593.289,-291.003,12.000
-542.524,-289.042,12.000
-491.007,-286.890,12.000
-438.627,-284.403,12.000
-385.392,-281.765,12.000
-331.249,-278.987,12.000
-276.151,-276.100,12.000
-220.060,-273.152,12.000
-162.915,-270.144,12.000
-104.648,-267.067,12.000
-45.189,-263.919,12.000
15.557,-260.658,12.000
77.665,-257.295,12.000
141.238,-253.795,12.000
206.384,-250.131,12.000
273.193,-246.319,12.000
341.795,-242.319,12.000
412.322,-238.107,12.000
484.870,-233.720,12.000
559.571,-229.154,12.000
636.573,-224.400,12.000
715.957,-219.540,12.000
797.815,-214.650,12.000
882.295,-209.743,12.000
969.521,-204.870,12.000
1059.643,-200.065,12.000
1152.876,-195.302,12.000
1249.470,-190.545,12.000
1349.673,-185.780,12.000
1453.724,-181.025,12.000
1561.818,-176.356,12.000
1675.674,-170.538,12.000
-1245.700,-224.564,13.000
-1200.981,-247.502,13.000
-1155.422,-262.532,13.000
-1109.322,-273.512,13.000
-1062.637,-281.415,13.000
-1015.375,-287.122,13.000
-967.535,-291.240,13.000
-918.986,-293.736,13.000
-869.786,-295.249,13.000
-819.914,-296.007,13.000
-769.308,-296.072,13.000
-717.859,-295.358,13.000
-665.618,-294.248,13.000
-612.508,-292.716,13.000
-558.386,-290.584,13.000
-503.321,-288.221,13.000
-447.223,-285.568,13.000
-390.043,-282.681,13.000
-331.769,-279.682,13.000
-272.330,-276.569,13.000
-211.678,-273.388,13.000
-149.738,-270.135,13.000
-86.422,-266.792,13.000
-21.632,-263.339,13.000
44.726,-259.770,13.000
112.782,-256.033,13.000
182.650,-252.120,13.000
254.445,-248.029,13.000
328.311,-243.732,13.000
404.421,-239.178,13.000
482.876,-234.424,13.000
563.834,-229.466,13.000
647.440,-224.330,13.000
733.798,-219.095,13.000
823.009,-213.853,13.000
915.247,-208.620,13.000
1010.634,-203.479,13.000
1109.414,-198.398,13.000
1211.866,-193.335,13.000
1318.285,-188.259,13.000
1428.919,-183.204,13.000
1544.014,-178.232,13.000
1665.833,-171.723,13.000
-1232.602,-191.194,14.000
-1190.584,-227.066,14.000
-1146.043,-246.501,14.000
-1100.649,-260.730,14.000
-1054.428,-271.115,14.000
-1007.405,-278.655,14.000
-959.626,-284.178,14.000
-911.101,-288.201,14.000
-861.814,-291.043,14.000
-811.639,-292.654,14.000
-760.610,-293.426,14.000
-708.735,-293.626,14.000
-655.944,-293.273,14.000
-602.092,-292.217,14.000
-547.237,-290.795,14.000
-491.289,-288.981,14.000
-434.149,-286.735,14.000
-375.858,-284.313,14.000
-316.334,-281.698,14.000
-255.527,-278.949,14.000
-193.391,-276.122,14.000
-129.843,-273.217,14.000
-64.784,-270.214,14.000
1.888,-267.101,14.000
70.281,-263.865,14.000
140.553,-260.436,14.000
212.816,-256.827,14.000
287.212,-253.020,14.000
363.902,-248.988,14.000
443.082,-244.676,14.000
524.871,-240.142,14.000
609.448,-235.383,14.000
696.962,-230.444,14.000
787.523,-225.423,14.000
881.270,-220.390,14.000
978.374,-215.394,14.000
1079.018,-210.482,14.000
1183.488,-205.620,14.000
1292.090,-200.783,14.000
1405.185,-195.922,14.000
1523.001,-191.134,14.000
1646.479,-185.953,14.000
-1233.860,-190.482,15.000
-1194.360,-227.247,15.000
-1151.678,-247.366,15.000
-1107.796,-261.771,15.000
-1062.957,-272.510,15.000
-1017.186,-280.443,15.000
-970.541,-286.342,15.000
-923.051,-290.733,15.000
-874.612,-293.669,15.000
-825.233,-295.501,15.000
-774.952,-296.589,15.000
-723.725,-297.043,15.000
-671.390,-296.689,15.000
-618.006,-295.869,15.000
-563.521,-294.649,15.000
-507.754,-292.834,15.000
-450.761,-290.715,15.000
-392.493,-288.356,15.000
-332.848,-285.729,15.000
-271.825,-282.985,15.000
-209.347,-280.136,15.000
-145.335,-277.202,15.000
-79.684,-274.168,15.000
-12.284,-271.024,15.000
56.997,-267.737,15.000
128.317,-264.264,15.000
201.806,-260.602,15.000
277.629,-256.730,15.000
355.981,-252.597,15.000
437.054,-248.183,15.000
521.003,-243.522,15.000
608.030,-238.613,15.000
698.307,-233.501,15.000
791.953,-228.297,15.000
889.133,-223.072,15.000
990.036,-217.886,15.000
1094.885,-212.778,15.000
1203.981,-207.740,15.000
1317.761,-202.674,15.000
1436.538,-197.623,15.000
1560.621,-192.655,15.000
1692.419,-186.281,15.000
-1233.574,-181.997,16.000
-1197.999,-225.129,16.000
-1157.373,-246.532,16.000
-1115.146,-261.581,16.000
-1071.800,-272.955,16.000
-1027.392,-281.522,16.000
-981.981,-287.982,16.000
-935.488,-292.542,16.000
-888.033,-295.880,16.000
-839.607,-298.240,16.000
-790.178,-299.786,16.000
-739.563,-300.333,16.000
-687.865,-300.321,16.000
-635.048,-299.858,16.000
-580.937,-298.774,16.000
-525.499,-297.193,16.000
-468.738,-295.294,16.000
-410.526,-293.016,16.000
-350.850,-290.498,16.000
-289.669,-287.825,16.000
-226.897,-285.014,16.000
-162.465,-282.111,16.000
-96.264,-279.107,16.000
-28.171,-275.992,16.000
41.972,-272.716,16.000
114.313,-269.265,16.000
189.015,-265.618,16.000
266.268,-261.739,16.000
346.301,-257.569,16.000
429.301,-253.118,16.000
515.473,-248.389,16.000
605.043,-243.385,16.000
698.215,-238.148,16.000
795.124,-232.799,16.000
895.954,-227.419,16.000
1000.921,-222.074,16.000
1110.283,-216.812,16.000
1224.400,-211.614,16.000
1343.792,-206.366,16.000
1468.796,-201.144,16.000
1599.886,-195.943,16.000
1742.268,-187.485,16.000
-1193.970,-213.308,17.000
-1155.998,-237.360,17.000
-1115.859,-253.925,17.000
-1074.383,-266.553,17.000
-1031.633,-276.089,17.000
-987.697,-283.286,17.000
-942.660,-288.763,17.000
-896.555,-292.919,17.000
-849.294,-295.831,17.000
-800.800,-297.595,17.000
-751.185,-298.673,17.000
-700.398,-299.149,17.000
-648.239,-298.837,17.000
-594.772,-298.043,17.000
-539.942,-296.839,17.000
-483.536,-295.041,17.000
-425.603,-292.904,17.000
-366.094,-290.514,17.000
-304.892,-287.851,17.000
-241.977,-285.044,17.000
-177.260,-282.122,17.000
-110.633,-279.096,17.000
-41.955,-275.944,17.000
28.926,-272.648,17.000
102.178,-269.182,17.000
178.012,-265.492,17.000
256.637,-261.546,17.000
338.268,-257.327,17.000
423.154,-252.801,17.000
511.548,-247.957,17.000
603.697,-242.805,17.000
699.861,-237.369,17.000
800.195,-231.781,17.000
904.888,-226.154,17.000
1014.206,-220.545,17.000
1128.438,-215.017,17.000
1248.006,-209.550,17.000
1373.513,-204.031,17.000
1505.356,-198.540,17.000
1644.333,-192.916,17.000
-1234.753,-225.808,18.000
-1197.128,-250.073,18.000
-1156.688,-266.516,18.000
-1114.594,-279.054,18.000
-1070.926,-288.477,18.000
-1025.780,-295.488,18.000
-979.261,-300.695,18.000
-931.414,-304.504,18.000
-882.195,-307.097,18.000
-831.430,-308.400,18.000
-779.287,-308.952,18.000
-725.712,-308.857,18.000
-670.585,-308.102,18.000
-613.752,-306.633,18.000
-555.255,-304.705,18.000
-494.985,-302.333,18.000
-432.780,-299.467,18.000
-368.686,-296.348,18.000
-302.613,-293.024,18.000
-234.462,-289.536,18.000
-164.132,-285.928,18.000
-91.466,-282.184,18.000
-16.287,-278.283,18.000
61.608,-274.193,18.000
142.481,-269.840,18.000
226.561,-265.206,18.000
314.124,-260.253,18.000
405.468,-254.944,18.000
500.888,-249.274,18.000
600.686,-243.252,18.000
705.130,-236.944,18.000
814.384,-230.517,18.000
928.732,-224.050,18.000
1048.363,-217.713,18.000
1173.846,-211.412,18.000
1305.712,-205.125,18.000
1444.570,-198.822,18.000
1590.986,-192.548,18.000
1752.962,-181.746,18.000
-1218.893,-185.303,19.000
-1189.635,-229.904,19.000
-1151.258,-251.484,19.000
-1110.453,-267.515,19.000
-1067.709,-279.788,19.000
-1023.090,-288.976,19.000
-976.753,-295.828,19.000
-928.828,-300.945,19.000
-879.347,-304.678,19.000
-828.303,-307.267,19.000
-775.661,-308.883,19.000
-721.210,-309.415,19.000
-665.069,-309.265,19.000
-607.175,-308.528,19.000
-547.408,-307.222,19.000
-485.516,-305.194,19.000
-421.583,-302.757,19.000
-355.532,-299.995,19.000
-287.259,-296.958,19.000
-216.674,-293.721,19.000
-143.683,-290.354,19.000
-68.104,-286.840,19.000
10.268,-283.152,19.000
91.670,-279.253,19.000
176.399,-275.067,19.000
264.737,-270.565,19.000
357.007,-265.700,19.000
453.562,-260.432,19.000
554.733,-254.769,19.000
660.888,-248.715,19.000
772.279,-242.392,19.000
889.048,-236.024,19.000
1011.579,-229.658,19.000
1140.207,-223.406,19.000
1275.586,-217.187,19.000
1418.428,-210.938,19.000
1569.223,-204.791,19.000
1732.710,-196.357,19.000
-1183.075,-161.479,20.000
-1164.064,-223.763,20.000
-1128.227,-247.692,20.000
-1088.926,-264.381,20.000
-1047.554,-277.392,20.000
-1004.203,-287.405,20.000
-958.970,-295.016,20.000
-911.979,-300.784,20.000
-863.287,-305.100,20.000
-812.863,-308.169,20.000
-760.475,-309.879,20.000
-706.320,-310.762,20.000
-650.340,-310.935,20.000
-592.452,-310.475,20.000
-532.371,-309.205,20.000
-470.106,-307.345,20.000
-405.601,-305.022,20.000
-338.746,-302.296,20.000
-269.415,-299.215,20.000
-197.574,-295.935,20.000
-123.090,-292.500,20.000
-45.771,-288.906,20.000
34.612,-285.129,20.000
118.340,-281.118,20.000
205.746,-276.800,20.000
297.153,-272.142,20.000
392.947,-267.085,20.000
493.541,-261.583,20.000
599.324,-255.643,20.000
710.727,-249.271,20.000
827.982,-242.652,20.000
951.353,-235.958,20.000
1081.204,-229.309,20.000
1218.007,-222.781,20.000
1362.618,-216.243,20.000
1515.795,-209.693,20.000
1678.619,-203.001,20.000
-1201.582,-187.128,21.000
-1177.221,-234.684,21.000
-1140.307,-257.395,21.000
-1099.759,-273.673,21.000
-1056.756,-286.283,21.000
-1011.367,-295.823,21.000
-963.718,-302.905,21.000
-913.951,-308.097,21.000
-862.113,-311.762,21.000
-808.187,-314.140,21.000
-752.126,-315.414,21.000
-693.756,-315.585,21.000
-633.093,-314.913,21.000
-570.075,-313.532,21.000
-504.545,-311.476,21.000
-436.355,-308.788,21.000
-365.372,-305.542,21.000
-291.551,-301.910,21.000
-214.830,-298.037,21.000
-135.046,-293.973,21.000
-51.985,-289.726,21.000
34.637,-285.262,21.000
125.161,-280.521,21.000
219.983,-275.429,21.000
319.525,-269.924,21.000
424.269,-263.935,21.000
534.703,-257.427,21.000
651.283,-250.427,21.000
774.437,-243.018,21.000
904.349,-235.478,21.000
1041.414,-227.950,21.000
1186.096,-220.563,21.000
1339.322,-213.198,21.000
1502.019,-205.811,21.000
1675.374,-198.286,21.000
-1210.489,-208.959,22.000
-1178.250,-240.199,22.000
-1139.549,-260.428,22.000
-1097.355,-275.494,22.000
-1052.433,-287.159,22.000
-1004.894,-296.028,22.000
-954.881,-302.679,22.000
-902.494,-307.573,22.000
-847.634,-310.869,22.000
-790.247,-312.771,22.000
-730.388,-313.610,22.000
-668.003,-313.554,22.000
-602.959,-312.685,22.000
-535.079,-311.032,22.000
-464.178,-308.640,22.000
-390.114,-305.600,22.000
-312.895,-302.159,22.000
-232.413,-298.441,22.000
-148.493,-294.510,22.000
-60.876,-290.372,22.000
30.783,-285.979,22.000
126.899,-281.257,22.000
227.941,-276.126,22.000
334.426,-270.513,22.000
446.926,-264.344,22.000
565.988,-257.612,22.000
692.182,-250.340,22.000
825.773,-242.787,22.000
967.116,-235.170,22.000
1116.615,-227.699,22.000
1275.168,-220.320,22.000
1443.923,-212.913,22.000
1623.876,-205.528,22.000
-1246.442,-212.506,23.000
-1216.351,-244.771,23.000
-1178.750,-265.234,23.000
-1137.659,-280.961,23.000
-1093.482,-293.076,23.000
-1046.424,-302.305,23.000
-996.669,-309.270,23.000
-944.219,-314.301,23.000
-889.111,-317.743,23.000
-831.338,-319.866,23.000
-770.843,-320.858,23.000
-707.554,-320.889,23.000
-641.340,-320.057,23.000
-571.989,-318.390,23.000
-499.291,-315.927,23.000
-423.095,-312.779,23.000
-343.403,-309.202,23.000
-260.088,-305.324,23.000
-172.948,-301.218,23.000
-81.669,-296.878,23.000
14.159,-292.246,23.000
115.036,-287.235,23.000
221.514,-281.761,23.000
334.219,-275.734,23.000
453.844,-269.071,23.000
581.035,-261.779,23.000
716.342,-253.968,23.000
859.975,-245.996,23.000
1012.456,-238.044,23.000
1174.426,-230.260,23.000
1347.228,-222.465,23.000
1531.895,-214.747,23.000
1738.967,-202.626,23.000
-1231.330,-207.244,24.000
-1204.430,-241.936,24.000
-1168.016,-262.760,24.000
-1127.851,-278.871,24.000
-1084.545,-291.603,24.000
-1038.091,-301.369,24.000
-988.614,-308.709,24.000
-936.265,-314.137,24.000
-881.043,-317.952,24.000
-822.899,-320.381,24.000
-761.757,-321.607,24.000
-697.526,-321.797,24.000
-630.070,-321.071,24.000
-559.146,-319.451,24.000
-484.484,-316.953,24.000
-405.979,-313.758,24.000
-323.577,-310.088,24.000
-237.138,-306.090,24.000
-146.430,-301.844,24.000
-51.075,-297.334,24.000
49.425,-292.489,24.000
155.668,-287.209,24.000
268.317,-281.399,24.000
388.196,-274.916,24.000
516.043,-267.738,24.000
652.616,-259.886,24.000
798.371,-251.615,24.000
953.703,-243.237,24.000
1119.132,-235.022,24.000
1295.956,-226.874,24.000
1485.651,-218.711,24.000
1692.485,-209.260,24.000
-1203.911,-189.939,25.000
-1185.429,-233.763,25.000
-1152.419,-257.640,25.000
-1113.808,-274.685,25.000
-1071.893,-288.391,25.000
-1026.695,-299.196,25.000
-978.209,-307.470,25.000
-926.547,-313.684,25.000
-871.739,-318.183,25.000
-813.709,-321.179,25.000
-752.351,-322.849,25.000
-687.544,-323.355,25.000
-619.135,-322.827,25.000
-546.829,-321.280,25.000
-470.429,-318.830,25.000
-389.785,-315.642,25.000
-304.747,-311.886,25.000
-215.163,-307.735,25.000
-120.787,-303.296,25.000
-21.184,-298.562,25.000
84.236,-293.454,25.000
196.199,-287.853,25.000
315.561,-281.619,25.000
443.248,-274.639,25.000
580.167,-266.886,25.000
727.244,-258.388,25.000
884.860,-249.536,25.000
1053.487,-240.687,25.000
1233.993,-232.036,25.000
1428.325,-223.331,25.000
1638.011,-214.661,25.000
-1237.848,-204.953,26.000
-1215.728,-243.829,26.000
-1180.349,-266.623,26.000
-1139.326,-283.463,26.000
-1094.401,-296.882,26.000
-1045.492,-307.222,26.000
-992.617,-314.907,26.000
-935.901,-320.432,26.000
-875.302,-324.101,26.000
-810.715,-326.143,26.000
-742.015,-326.766,26.000
-669.082,-326.182,26.000
-591.627,-324.462,26.000
-509.301,-321.649,26.000
-421.893,-317.919,26.000
-329.256,-313.499,26.000
-231.239,-308.615,26.000
-127.546,-303.401,26.000
-17.602,-297.827,26.000
99.404,-291.760,26.000
224.411,-285.057,26.000
358.472,-277.585,26.000
502.858,-269.172,26.000
658.605,-259.872,26.000
826.322,-250.030,26.000
1006.409,-240.133,26.000
1199.754,-230.454,26.000
1408.486,-220.776,26.000
1634.869,-210.986,26.000
-1223.358,-168.808,27.000
-1220.345,-229.478,27.000
-1189.044,-257.610,27.000
-1149.992,-277.754,27.000
-1105.492,-293.074,27.000
-1056.630,-305.183,27.000
-1003.253,-314.357,27.000
-945.449,-321.085,27.000
-883.203,-325.730,27.000
-816.376,-328.533,27.000
-744.809,-329.716,27.000
-668.357,-329.512,27.000
-586.702,-328.027,27.000
-499.421,-325.306,27.000
-406.277,-321.558,27.000
-307.116,-317.053,27.000
-201.768,-312.057,27.000
-89.840,-306.697,27.000
29.463,-300.888,27.000
157.164,-294.471,27.000
294.522,-287.244,27.000
442.932,-279.028,27.000
603.745,-269.776,27.000
777.985,-259.704,27.000
965.893,-249.459,27.000
1168.282,-239.439,27.000
1387.429,-229.472,27.000
1625.849,-219.459,27.000
-1216.749,-165.825,28.000
-1217.406,-227.142,28.000
-1188.009,-256.205,28.000
-1149.696,-276.670,28.000
-1105.935,-292.690,28.000
-1057.160,-305.186,28.000
-1003.489,-314.716,28.000
-944.962,-321.732,28.000
-881.538,-326.594,28.000
-813.023,-329.526,28.000
-739.207,-330.744,28.000
-659.901,-330.485,28.000
-574.713,-328.848,28.000
-483.128,-325.874,28.000
-384.869,-321.795,28.000
-279.744,-316.908,28.000
-167.618,-311.551,28.000
-47.861,-305.774,28.000
80.550,-299.452,28.000
219.058,-292.324,28.000
369.102,-284.240,28.000
532.555,-274.950,28.000
710.814,-264.571,28.000
904.428,-253.696,28.000
1113.941,-242.946,28.000
1341.381,-232.373,28.000
1589.519,-221.886,28.000
-1238.579,-204.323,29.000
-1217.351,-239.973,29.000
-1182.536,-262.975,29.000
-1140.891,-280.526,29.000
-1094.233,-294.777,29.000
-1042.237,-305.899,29.000
-984.649,-314.133,29.000
-921.456,-319.904,29.000
-852.608,-323.595,29.000
-777.814,-325.403,29.000
-696.806,-325.555,29.000
-609.188,-324.207,29.000
-514.311,-321.377,29.000
-411.766,-317.278,29.000
-301.287,-312.225,29.000
-182.693,-306.593,29.000
-55.272,-300.477,29.000
82.311,-293.702,29.000
231.810,-285.996,29.000
395.255,-277.092,29.000
574.794,-266.826,29.000
772.034,-255.424,29.000
987.168,-243.795,29.000
1221.401,-232.455,29.000
1478.283,-221.145,29.000
-1219.145,-154.353,30.000
-1231.451,-221.395,30.000
-1206.142,-254.446,30.000
-1167.484,-276.604,30.000
-1122.074,-294.200,30.000
-1070.100,-307.941,30.000
-1011.341,-318.186,30.000
-945.987,-325.582,30.000
-873.828,-330.463,30.000
-794.459,-333.039,30.000
-707.177,-333.351,30.000
-611.813,-331.815,30.000
-507.639,-328.519,30.000
-394.094,-323.694,30.000
-270.803,-317.707,30.000
-137.682,-311.084,30.000
6.417,-303.831,30.000
163.394,-295.683,30.000
335.757,-286.253,30.000
526.243,-275.246,30.000
737.233,-262.717,30.000
969.030,-249.691,30.000
1222.466,-237.001,30.000
1501.591,-224.417,30.000
-1276.136,-191.596,31.000
-1263.402,-235.188,31.000
-1228.834,-261.591,31.000
-1184.640,-281.506,31.000
-1133.442,-297.542,31.000
-1074.918,-310.015,31.000
-1007.865,-318.677,31.000
-932.983,-324.569,31.000
-849.725,-327.886,31.000
-757.309,-328.724,31.000
-655.075,-327.296,31.000
-542.385,-323.871,31.000
-418.362,-318.633,31.000
-282.965,-312.231,31.000
-135.759,-305.117,31.000
24.990,-297.186,31.000
202.139,-287.984,31.000
399.021,-277.084,31.000
619.011,-264.291,31.000
863.240,-250.475,31.000
1131.750,-236.945,31.000
1428.746,-223.639,31.000
-1273.381,-184.498,32.000
-1265.278,-230.006,32.000
-1233.216,-257.878,32.000
-1190.434,-278.952,32.000
-1139.324,-295.604,32.000
-1080.410,-308.769,32.000
-1012.361,-318.197,32.000
-935.046,-324.430,32.000
-848.214,-327.934,32.000
-750.711,-328.701,32.000
-641.804,-327.015,32.000
-520.514,-323.088,32.000
-385.684,-317.112,32.000
-237.641,-310.019,32.000
-75.324,-302.104,32.000
104.038,-293.044,32.000
304.334,-282.293,32.000
530.127,-269.350,32.000
784.369,-254.608,32.000
1066.432,-239.825,32.000
1379.802,-225.428,32.000
-1252.822,-140.205,33.000
-1277.180,-209.287,33.000
-1258.334,-247.864,33.000
-1219.841,-273.950,33.000
-1170.184,-294.094,33.000
-1111.049,-310.064,33.000
-1041.095,-321.761,33.000
-960.281,-329.879,33.000
-866.685,-334.130,33.000
-760.467,-335.389,33.000
-639.441,-333.398,33.000
-502.693,-328.630,33.000
-349.154,-321.545,33.000
-178.956,-313.155,33.000
9.727,-303.686,33.000
221.407,-292.517,33.000
462.122,-278.834,33.000
736.717,-262.659,33.000
1044.433,-246.073,33.000
1388.110,-230.036,33.000
-1299.454,-165.570,34.000
-1303.044,-218.187,34.000
-1274.271,-250.902,34.000
-1229.606,-275.151,34.000
-1173.265,-294.271,34.000
-1105.877,-309.359,34.000
-1024.112,-319.501,34.000
-928.707,-325.942,34.000
-816.595,-328.144,34.000
-687.105,-326.819,34.000
-537.697,-321.953,34.000
-367.158,-314.224,34.000
-175.855,-304.953,34.000
39.320,-294.216,34.000
285.300,-281.066,34.000
570.658,-264.563,34.000
897.624,-246.214,34.000
1265.152,-228.537,34.000
-1380.000,-153.636,35.000
-1398.444,-212.841,35.000
-1380.740,-251.053,35.000
-1341.510,-278.208,35.000
-1288.907,-299.718,35.000
-1223.270,-316.608,35.000
-1143.407,-329.165,35.000
-1045.951,-336.827,35.000
-929.666,-340.145,35.000
-791.957,-339.225,35.000
-629.220,-333.982,35.000
-439.884,-325.293,35.000
-224.371,-314.772,35.000
22.701,-302.203,35.000
312.372,-286.131,35.000
654.567,-266.207,35.000
1045.854,-246.120,35.000
1496.661,-226.066,35.000
-1357.807,-133.646,36.000
-1388.483,-196.961,36.000
-1381.401,-239.682,36.000
-1347.962,-269.636,36.000
-1298.413,-293.092,36.000
-1235.688,-312.311,36.000
-1155.263,-326.268,36.000
-1055.881,-335.541,36.000
-933.592,-339.800,36.000
-784.264,-338.936,36.000
-602.902,-332.857,36.000
-387.575,-322.757,36.000
-138.054,-310.437,36.000
156.146,-294.936,36.000
512.431,-274.322,36.000
933.632,-251.284,36.000
1418.682,-229.504,36.000
-1281.192,-67.264,37.000
-1389.766,-168.458,37.000
-1403.921,-222.219,37.000
-1384.967,-260.607,37.000
-1341.307,-289.106,37.000
-1280.370,-312.087,37.000
-1200.827,-330.103,37.000
-1096.387,-342.078,37.000
-962.332,-347.912,37.000
-790.993,-346.935,37.000
-575.199,-339.170,37.000
-312.567,-326.429,37.000
-0.388,-310.579,37.000
384.654,-288.895,37.000
857.596,-262.089,37.000
1407.748,-236.923,37.000
-1342.539,-95.959,38.000
-1398.906,-166.836,38.000
-1406.895,-216.195,38.000
-1383.448,-253.178,38.000
-1334.503,-281.729,38.000
-1265.089,-304.985,38.000
-1169.950,-322.525,38.000
-1040.216,-333.261,38.000
-862.500,-335.541,38.000
-623.287,-328.641,38.000
-313.864,-313.906,38.000
69.785,-294.272,38.000
570.285,-265.413,38.000
1183.840,-234.228,38.000
-1401.171,-104.792,39.000
-1440.025,-166.195,39.000
-1442.226,-213.606,39.000
-1409.364,-249.686,39.000
-1349.082,-278.662,39.000
-1261.259,-302.064,39.000
-1132.721,-318.147,39.000
-940.435,-323.842,39.000
-654.594,-316.292,39.000
-256.602,-296.939,39.000
273.960,-268.188,39.000
990.205,-228.669,39.000
-1330.266,-69.252,40.000
-1395.933,-137.859,40.000
-1413.792,-189.749,40.000
-1399.605,-231.914,40.000
-1350.014,-265.353,40.000
-1270.210,-293.251,40.000
-1144.808,-314.007,40.000
-939.379,-323.416,40.000
-589.624,-314.460,40.000
-49.544,-287.587,40.000
762.929,-241.382,40.000
-1159.753,-7.185,41.000
-1299.102,-96.148,41.000
-1347.634,-156.798,41.000
-1358.358,-206.507,41.000
-1334.472,-248.087,41.000
-1271.465,-282.586,41.000
-1164.398,-311.275,41.000
-967.325,-329.258,41.000
-545.305,-322.389,41.000
292.799,-279.162,41.000
-1293.883,4.975,42.000
-1436.214,-78.307,42.000
-1493.049,-139.404,42.000
-1511.582,-191.357,42.000
-1495.901,-236.927,42.000
-1432.359,-276.066,42.000
-1305.886,-309.499,42.000
-986.398,-326.908,42.000
488.932,-254.263,42.000
-1203.673,12.748,43.000
-1320.211,-59.508,43.000
-1374.977,-118.628,43.000
-1393.810,-171.138,43.000
-1375.622,-218.877,43.000
-1297.568,-261.838,43.000
-1101.811,-299.157,43.000
-1127.357,76.224,44.000
-1344.615,-8.975,44.000
-1438.226,-73.245,44.000
-1486.931,-130.090,44.000
-1502.670,-182.758,44.000
-1474.481,-232.446,44.000
-1363.162,-280.125,44.000
-1151.963,134.940,45.000
-1365.121,61.515,45.000
-1468.148,1.473,45.000
-1530.572,-53.449,45.000
-1560.934,-105.566,45.000
-1561.651,-156.591,45.000
-1494.805,-208.771,45.000
-1050.830,232.821,46.000
-1250.075,170.663,46.000
-1360.654,115.496,46.000
-1432.784,63.518,46.000
-1476.758,13.044,46.000
-1494.764,-37.317,46.000
-1472.437,-89.961,46.000
-1256.263,-160.473,46.000
-467.672,303.765,47.000
-975.388,244.965,47.000
-1156.972,192.470,47.000
-1270.805,142.704,47.000
-1348.606,94.304,47.000
-1402.482,46.412,47.000
-1432.904,-2.208,47.000
-1438.250,-53.022,47.000
-1359.691,-115.658,47.000
-508.790,306.987,48.000
-774.710,264.714,48.000
-932.803,222.199,48.000
-1042.867,180.033,48.000
-1122.753,137.857,48.000
-1183.395,95.589,48.000
-1227.394,52.600,48.000
-1251.630,7.428,48.000
-1253.348,-41.552,48.000
-340.862,335.625,49.000
-562.410,302.791,49.000
-710.890,267.299,49.000
-821.284,230.795,49.000
-905.830,193.396,49.000
-972.439,155.240,49.000
-1023.993,115.958,49.000
-1062.255,75.120,49.000
-1084.179,31.220,49.000
-1080.854,-19.061,49.000
49.291,357.594,50.000
-283.755,344.118,50.000
-475.970,317.394,50.000
-616.015,287.095,50.000
-725.935,255.092,50.000
-813.099,221.449,50.000
-884.268,186.601,50.000
-941.010,150.077,50.000
-987.591,112.288,50.000
-1020.099,71.449,50.000
-1037.132,26.286,50.000
-1013.658,-32.743,50.000
469.306,322.248,51.000
-48.762,348.260,51.000
-295.094,334.838,51.000
-464.963,312.295,51.000
-595.433,285.700,51.000
-701.606,256.937,51.000
-790.233,226.596,51.000
-863.152,194.257,51.000
-923.872,160.166,51.000
-974.722,124.420,51.000
-1014.708,86.074,51.000
-1041.542,43.593,51.000
-1049.187,-6.271,51.000
761.971,297.564,52.000
188.973,352.040,52.000
-86.644,352.896,52.000
-273.560,339.655,52.000
-417.427,320.502,52.000
-534.289,297.948,52.000
-633.129,273.397,52.000
-717.556,247.074,52.000
-789.870,218.989,52.000
-852.037,189.191,52.000
-905.337,157.592,52.000
-950.259,123.863,52.000
-987.050,87.590,52.000
-1011.070,46.088,52.000
-1016.409,-4.361,52.000
930.687,274.361,53.000
393.755,339.944,53.000
105.891,353.557,53.000
-92.847,350.158,53.000
-246.213,338.956,53.000
-370.300,322.929,53.000
-476.264,304.470,53.000
-567.102,283.691,53.000
-646.932,261.377,53.000
-717.659,237.689,53.000
-780.026,212.413,53.000
-834.876,185.430,53.000
-882.994,156.651,53.000
-924.727,125.818,53.000
-959.833,92.380,53.000
-985.731,54.447,53.000
-997.176,8.341,53.000
1192.337,234.780,54.000
624.266,324.847,54.000
310.270,353.265,54.000
89.912,360.789,54.000
-80.006,357.784,54.000
-217.456,348.247,54.000
-333.642,334.822,54.000
-433.699,318.443,54.000
-521.996,300.104,54.000
-600.707,280.114,54.000
-671.480,258.695,54.000
-735.119,235.765,54.000
-791.807,210.969,54.000
-842.185,184.208,54.000
-887.064,155.525,54.000
-926.664,124.669,54.000
-960.110,90.711,54.000
-983.058,50.367,54.000
-988.220,-2.089,54.000
1340.669,192.914,55.000
788.345,294.726,55.000
465.382,333.687,55.000
230.287,350.764,55.000
46.576,355.573,55.000
-103.628,352.687,55.000
-229.536,344.223,55.000
-339.026,332.400,55.000
-435.461,317.870,55.000
-521.289,301.082,55.000
-598.746,282.564,55.000
-669.191,262.541,55.000
-733.397,241.009,55.000
-791.648,217.725,55.000
-844.258,192.476,55.000
-891.689,165.165,55.000
-934.387,135.710,55.000
-971.456,103.120,55.000
-1000.758,65.390,55.000
-1017.401,18.188,55.000
1316.505,194.830,56.000
882.035,275.844,56.000
591.884,314.912,56.000
370.020,335.750,56.000
190.405,345.892,56.000
41.125,348.367,56.000
-86.474,345.562,56.000
-197.244,338.627,56.000
-295.631,328.884,56.000
-384.095,316.926,56.000
-464.416,303.151,56.000
-537.826,287.776,56.000
-605.364,270.996,56.000
-667.823,252.930,56.000
-725.605,233.502,56.000
-778.857,212.480,56.000
-827.766,189.664,56.000
-872.598,164.918,56.000
-913.601,138.108,56.000
-950.575,108.745,56.000
-981.934,75.138,56.000
-1003.943,33.515,56.000
1938.518,34.411,57.000
1254.593,215.190,57.000
902.597,281.687,57.000
645.563,319.277,57.000
441.132,341.970,57.000
270.789,355.605,57.000
126.539,362.176,57.000
1.065,363.963,57.000
-109.535,361.960,57.000
-207.880,356.742,57.000
-296.596,349.100,57.000
-377.579,339.593,57.000
-451.985,328.464,57.000
-520.734,315.892,57.000
-584.645,302.061,57.000
-644.391,287.120,57.000
-700.451,271.130,57.000
-753.098,254.031,57.000
-802.438,235.645,57.000
-848.499,215.726,57.000
-891.288,194.004,57.000
-930.980,170.340,57.000
-967.863,144.709,57.000
-1001.108,116.025,57.000
-1029.042,82.226,57.000
-1048.202,39.134,57.000
1907.875,44.926,58.000
1360.632,192.749,58.000
1031.840,260.276,58.000
783.485,301.251,58.000
581.593,328.001,58.000
411.186,345.601,58.000
263.531,356.924,58.000
134.781,362.758,58.000
20.456,364.585,58.000
-82.134,363.150,58.000
-175.014,358.999,58.000
-259.817,352.584,58.000
-337.896,344.305,58.000
-410.328,334.476,58.000
-477.935,323.322,58.000
-541.339,310.977,58.000
-600.746,297.298,58.000
-656.648,282.389,58.000
-709.596,266.451,58.000
-759.729,249.363,58.000
-807.086,230.919,58.000
-851.657,210.854,58.000
-893.477,188.933,58.000
-932.556,164.881,58.000
-968.926,138.429,58.000
-1001.820,108.400,58.000
-1029.541,72.403,58.000
-1046.463,23.050,58.000
1900.907,38.558,59.000
1429.129,170.236,59.000
1121.449,237.175,59.000
880.230,280.815,59.000
680.751,310.635,59.000
510.022,331.472,59.000
360.774,345.845,59.000
228.386,355.255,59.000
110.218,360.310,59.000
3.455,361.960,59.000
-93.712,360.702,59.000
-182.790,356.970,59.000
-265.007,351.122,59.000
-341.413,343.486,59.000
-412.858,334.326,59.000
-480.020,323.839,59.000
-543.026,311.807,59.000
-602.585,298.534,59.000
-659.144,284.153,59.000
-712.982,268.675,59.000
-764.263,252.021,59.000
-813.018,233.982,59.000
-858.835,213.860,59.000
-902.132,191.803,59.000
-942.949,167.562,59.000
-981.303,140.846,59.000
-1016.595,110.581,59.000
-1046.457,73.292,59.000
-1065.528,21.045,59.000
1750.315,87.468,60.000
1409.633,174.204,60.000
1149.285,230.039,60.000
935.898,269.030,60.000
754.365,297.201,60.000
596.382,317.657,60.000
455.901,332.775,60.000
330.076,343.314,60.000
216.000,350.323,60.000
112.019,354.202,60.000
16.722,355.314,60.000
-71.191,354.057,60.000
-152.779,350.755,60.000
-228.940,345.694,60.000
-300.437,339.127,60.000
-367.899,331.257,60.000
-431.314,321.757,60.000
-491.625,311.194,60.000
-549.136,299.610,60.000
-604.107,287.029,60.000
-656.527,273.203,60.000
-706.640,258.152,60.000
-754.703,241.931,60.000
-800.698,224.294,60.000
-844.576,204.933,60.000
-886.302,183.531,60.000
-925.831,159.724,60.000
-963.082,133.065,60.000
-997.297,102.091,60.000
-1026.650,63.548,60.000
-1039.076,-2.054,60.000
1645.599,110.875,61.000
1375.027,176.283,61.000
1153.838,222.894,61.000
966.516,257.134,61.000
803.689,282.832,61.000
659.251,302.467,61.000
529.476,317.404,61.000
411.485,328.736,61.000
303.585,336.928,61.000
204.393,342.350,61.000
112.789,345.289,61.000
27.765,346.035,61.000
-51.617,344.911,61.000
-126.113,342.167,61.000
-196.367,338.021,61.000
-262.763,332.506,61.000
-325.464,325.464,61.000
-385.350,317.485,61.000
-442.726,308.650,61.000
-497.496,298.624,61.000
-549.948,287.486,61.000
-600.552,275.556,61.000
-649.423,262.784,61.000
-696.239,248.563,61.000
-741.496,233.296,61.000
-785.178,216.752,61.000
-827.228,198.628,61.000
-867.423,178.331,61.000
-905.881,155.721,61.000
-942.690,130.604,61.000
-977.358,101.801,61.000
-1007.780,65.166,61.000
-1028.380,9.625,61.000
1661.913,92.979,62.000
1412.106,155.740,62.000
1203.986,201.631,62.000
1024.381,236.690,62.000
866.540,263.689,62.000
725.112,285.010,62.000
597.442,301.512,62.000
480.578,314.528,62.000
372.951,324.561,62.000
273.346,331.960,62.000
180.751,337.014,62.000
94.325,339.952,62.000
13.315,340.999,62.000
-62.973,340.396,62.000
-135.147,338.366,62.000
-203.105,334.463,62.000
-267.829,329.364,62.000
-329.736,323.245,62.000
-388.998,316.045,62.000
-445.573,307.459,62.000
-500.172,298.086,62.000
-552.970,287.942,62.000
-603.582,276.318,62.000
-652.660,263.840,62.000
-700.344,250.514,62.000
-746.532,235.995,62.000
-791.139,219.925,62.000
-834.374,202.372,62.000
-876.195,183.010,62.000
-916.541,161.438,62.000
-955.332,137.169,62.000
-992.405,109.488,62.000
-1027.007,76.416,62.000
-1056.135,31.027,62.000
1701.044,70.201,63.000
1464.842,132.448,63.000
1265.765,178.527,63.000
1091.397,214.830,63.000
936.475,243.577,63.000
796.587,266.826,63.000
669.620,285.204,63.000
552.818,300.077,63.000
444.660,312.015,63.000
344.003,321.402,63.000
249.938,328.511,63.000
161.692,333.575,63.000
78.607,336.785,63.000
0.102,338.318,63.000
-74.274,338.270,63.000
-144.623,336.394,63.000
-211.772,333.268,63.000
-276.093,329.034,63.000
-337.688,323.549,63.000
-396.660,316.662,63.000
-453.653,308.940,63.000
-508.822,300.377,63.000
-561.856,290.317,63.000
-613.404,279.439,63.000
-663.574,267.709,63.000
-712.152,254.582,63.000
-759.456,240.325,63.000
-805.602,224.909,63.000
-850.562,208.055,63.000
-894.097,189.046,63.000
-936.232,167.568,63.000
-977.063,143.418,63.000
-1016.533,116.034,63.000
-1053.883,83.191,63.000
-1087.124,39.342,63.000
1856.129,14.038,64.000
1612.942,86.759,64.000
1414.424,137.420,64.000
1241.299,177.268,64.000
1087.062,209.544,64.000
947.862,235.996,64.000
820.976,257.802,64.000
704.211,275.955,64.000
596.100,291.012,64.000
495.447,303.432,64.000
401.206,313.642,64.000
312.652,321.862,64.000
229.117,328.322,64.000
150.041,333.208,64.000
74.932,336.689,64.000
3.348,338.926,64.000
-64.529,339.386,64.000
-129.567,338.781,64.000
-192.116,337.284,64.000
-251.963,334.367,64.000
-309.636,330.456,64.000
-365.541,325.892,64.000
-419.306,319.923,64.000
-471.588,313.280,64.000
-522.505,305.963,64.000
-571.785,297.327,64.000
-620.009,288.118,64.000
-667.052,277.940,64.000
-712.918,266.582,64.000
-757.960,254.493,64.000
-802.088,241.298,64.000
-845.168,226.476,64.000
-887.422,210.208,64.000
-928.811,192.109,64.000
-969.276,171.677,64.000
-1008.743,148.278,64.000
-1047.109,121.067,64.000
-1083.780,87.601,64.000
-1116.083,38.462,64.000
1839.326,17.464,65.000
1621.749,83.366,65.000
1440.304,130.494,65.000
1280.259,168.017,65.000
1135.801,199.205,65.000
1004.399,225.087,65.000
883.555,246.919,65.000
771.706,265.346,65.000
667.670,280.808,65.000
570.304,293.824,65.000
478.739,304.755,65.000
392.325,313.820,65.000
310.458,321.255,65.000
232.633,327.248,65.000
158.411,331.966,65.000
87.489,335.455,65.000
19.914,337.345,65.000
-45.038,338.252,65.000
-107.650,338.304,65.000
-167.568,336.750,65.000
-225.619,334.494,65.000
-281.829,331.364,65.000
-336.076,326.935,65.000
-388.994,321.988,65.000
-440.313,315.880,65.000
-490.380,308.979,65.000
-539.424,301.509,65.000
-587.130,292.677,65.000
-634.039,283.307,65.000
-680.002,272.915,65.000
-725.072,261.371,65.000
-769.528,249.080,65.000
-813.247,235.529,65.000
-856.215,220.389,65.000
-898.577,203.719,65.000
-940.300,185.063,65.000
-981.335,163.832,65.000
-1021.629,139.280,65.000
-1061.095,110.359,65.000
-1099.200,74.079,65.000
-1132.384,14.429,65.000
1834.966,-3.601,66.000
1630.376,61.865,66.000
1460.088,107.671,66.000
1308.439,144.669,66.000
1170.564,175.780,66.000
1044.182,202.058,66.000
927.194,224.619,66.000
818.341,243.972,66.000
716.678,260.436,66.000
621.109,274.584,66.000
530.897,286.723,66.000
445.525,296.985,66.000
364.339,305.721,66.000
286.902,313.093,66.000
212.819,319.260,66.000
141.841,324.234,66.000
73.923,327.767,66.000
8.476,330.376,66.000
-54.692,332.082,66.000
-115.363,332.298,66.000
-174.248,331.845,66.000
-231.285,330.403,66.000
-286.533,327.828,66.000
-340.492,324.755,66.000
-392.776,320.278,66.000
-443.971,315.247,66.000
-494.016,309.352,66.000
-542.941,302.429,66.000
-591.119,295.065,66.000
-638.217,286.304,66.000
-684.670,276.911,66.000
-730.456,266.628,66.000
-775.496,254.989,66.000
-820.092,242.540,66.000
-864.213,228.939,66.000
-907.723,213.425,66.000
-950.808,196.161,66.000
-993.457,176.630,66.000
-1035.650,154.143,66.000
-1077.374,127.820,66.000
-1118.539,96.143,66.000
-1158.254,52.898,66.000
1686.862,45.695,67.000
1528.337,89.422,67.000
1385.761,125.295,67.000
1255.354,155.663,67.000
1134.875,181.776,67.000
1022.647,204.553,67.000
917.889,224.147,67.000
819.456,241.192,67.000
726.560,256.044,67.000
638.533,269.013,67.000
554.898,280.247,67.000
475.243,289.865,67.000
399.023,298.210,67.000
325.886,305.431,67.000
255.555,311.617,67.000
188.094,316.380,67.000
122.919,320.296,67.000
59.829,323.429,67.000
-0.930,325.127,67.000
-60.001,326.190,67.000
-117.317,326.277,67.000
-172.973,325.314,67.000
-227.412,323.908,67.000
-280.216,321.017,67.000
-332.035,317.709,67.000
-382.671,313.368,67.000
-432.328,308.208,67.000
-481.192,302.448,67.000
-529.097,295.452,67.000
-576.454,288.037,67.000
-623.040,279.370,67.000
-669.106,269.892,67.000
-714.745,259.642,67.000
-759.811,247.841,67.000
-804.603,235.162,67.000
-849.149,221.403,67.000
-893.280,205.450,67.000
-937.184,187.483,67.000
-980.886,166.931,67.000
-1024.409,142.986,67.000
-1067.796,114.602,67.000
-1110.990,79.521,67.000
-1152.412,21.780,67.000
1684.515,29.173,68.000
1535.348,71.743,68.000
1400.402,106.846,68.000
1276.327,136.735,68.000
1161.020,162.733,68.000
1053.120,185.599,68.000
951.853,205.578,68.000
856.300,223.176,68.000
765.785,238.705,68.000
679.753,252.412,68.000
597.691,264.547,68.000
519.364,275.051,68.000
444.266,284.262,68.000
372.023,292.400,68.000
302.341,299.616,68.000
235.301,305.501,68.000
170.422,310.537,68.000
107.450,314.903,68.000
46.636,317.915,68.000
-12.581,320.312,68.000
-70.188,321.849,68.000
-126.204,322.316,68.000
-181.065,322.368,68.000
-234.410,321.008,68.000
-286.815,319.262,68.000
-338.079,316.450,68.000
-388.440,312.904,68.000
-437.998,308.651,68.000
-486.702,303.310,68.000
-534.896,297.619,68.000
-582.295,290.460,68.000
-629.314,282.865,68.000
-675.845,274.208,68.000
-721.972,264.465,68.000
-767.873,254.009,68.000
-813.429,241.952,68.000
-858.847,228.760,68.000
-904.192,214.289,68.000
-949.462,197.925,68.000
-994.654,178.728,68.000
-1039.918,156.474,68.000
-1085.340,130.190,68.000
-1131.007,98.141,68.000
-1176.820,54.192,68.000
1702.231,20.698,69.000
1556.008,63.909,69.000
1423.849,99.287,69.000
1302.123,129.478,69.000
1188.842,155.771,69.000
1082.621,179.017,69.000
982.574,199.641,69.000
888.065,217.869,69.000
798.455,234.002,69.000
713.215,248.273,69.000
631.856,260.925,69.000
553.957,272.168,69.000
479.152,282.189,69.000
407.201,291.028,69.000
337.949,298.617,69.000
270.972,305.344,69.000
206.075,311.278,69.000
143.390,315.928,69.000
82.409,319.935,69.000
23.120,323.093,69.000
-34.488,325.174,69.000
-90.833,326.786,69.000
-145.619,327.066,69.000
-199.335,326.837,69.000
-251.896,325.687,69.000
-303.421,323.650,69.000
-354.124,321.047,69.000
-403.846,317.190,69.000
-452.996,312.992,69.000
-501.326,307.445,69.000
-549.184,301.374,69.000
-596.524,294.359,69.000
-643.405,286.292,69.000
-690.025,277.642,69.000
-736.227,267.369,69.000
-782.270,256.196,69.000
-828.215,244.034,69.000
-874.003,229.984,69.000
-919.792,214.255,69.000
-965.637,196.352,69.000
-1011.597,175.476,69.000
-1057.766,150.593,69.000
-1104.288,120.362,69.000
-1151.285,81.258,69.000
-1197.856,-6.624,69.000
1702.231,20.698,70.000
1556.008,63.909,70.000
1423.849,99.287,70.000
1302.123,129.478,70.000
1188.842,155.771,70.000
1082.621,179.017,70.000
982.574,199.641,70.000
888.065,217.869,70.000
798.455,234.002,70.000
713.215,248.273,70.000
631.856,260.925,70.000
553.957,272.168,70.000
479.152,282.189,70.000
407.201,291.028,70.000
337.949,298.617,70.000
270.972,305.344,70.000
206.075,311.278,70.000
143.390,315.928,70.000
82.409,319.935,70.000
23.120,323.093,70.000
-34.488,325.174,70.000
-90.833,326.786,70.000
-145.619,327.066,70.000
-199.335,326.837,70.000
-251.896,325.687,70.000
-303.421,323.650,70.000
-354.124,321.047,70.000
-403.846,317.190,70.000
-452.996,312.992,70.000
-501.326,307.445,70.000
-549.184,301.374,70.000
-596.524,294.359,70.000
-643.405,286.292,70.000
-690.025,277.642,70.000
-736.227,267.369,70.000
-782.270,256.196,70.000
-828.215,244.034,70.000
-874.003,229.984,70.000
-919.792,214.255,70.000
-965.637,196.352,70.000
-1011.597,175.476,70.000
-1057.766,150.593,70.000
-1104.288,120.362,70.000
-1151.285,81.258,70.000
-1197.856,-6.624,70.000
1702.231,20.698,71.000
1556.008,63.909,71.000
1423.849,99.287,71.000
1302.123,129.478,71.000
1188.842,155.771,71.000
1082.621,179.017,71.000
982.574,199.641,71.000
888.065,217.869,71.000
798.455,234.002,71.000
713.215,248.273,71.000
631.856,260.925,71.000
553.957,272.168,71.000
479.152,282.189,71.000
407.201,291.028,71.000
337.949,298.617,71.000
270.972,305.344,71.000
206.075,311.278,71.000
143.390,315.928,71.000
82.409,319.935,71.000
23.120,323.093,71.000
-34.488,325.174,71.000
-90.833,326.786,71.000
-145.619,327.066,71.000
-199.335,326.837,71.000
-251.896,325.687,71.000
-303.421,323.650,71.000
-354.124,321.047,71.000
-403.846,317.190,71.000
-452.996,312.992,71.000
-501.326,307.445,71.000
-549.184,301.374,71.000
-596.524,294.359,71.000
-643.405,286.292,71.000
-690.025,277.642,71.000
-736.227,267.369,71.000
-782.270,256.196,71.000
-828.215,244.034,71.000
-874.003,229.984,71.000
-919.792,214.255,71.000
-965.637,196.352,71.000
-1011.597,175.476,71.000
-1057.766,150.593,71.000
-1104.288,120.362,71.000
-1151.285,81.258,71.000
-1197.856,-6.624,71.000
1702.231,20.698,72.000
1556.008,63.909,72.000
1423.849,99.287,72.000
1302.123,129.478,72.000
1188.842,155.771,72.000
1082.621,179.017,72.000
982.574,199.641,72.000
888.065,217.869,72.000
798.455,234.002,72.000
713.215,248.273,72.000
631.856,260.925,72.000
553.957,272.168,72.000
479.152,282.189,72.000
407.201,291.028,72.000
337.949,298.617,72.000
270.972,305.344,72.000
206.075,311.278,72.000
143.390,315.928,72.000
82.409,319.935,72.000
23.120,323.093,72.000
-34.488,325.174,72.000
-90.833,326.786,72.000
-145.619,327.066,72.000
-199.335,326.837,72.000
-251.896,325.687,72.000
-303.421,323.650,72.000
-354.124,321.047,72.000
-403.846,317.190,72.000
-452.996,312.992,72.000
-501.326,307.445,72.000
-549.184,301.374,72.000
-596.524,294.359,72.000
-643.405,286.292,72.000
-690.025,277.642,72.000
-736.227,267.369,72.000
-782.270,256.196,72.000
-828.215,244.034,72.000
-874.003,229.984,72.000
-919.792,214.255,72.000
-965.637,196.352,72.000
-1011.597,175.476,72.000
-1057.766,150.593,72.000
-1104.288,120.362,72.000
-1151.285,81.258,72.000
-1197.856,-6.624,72.000
1702.231,20.698,73.000
1556.008,63.909,73.000
1423.849,99.287,73.000
1302.123,129.478,73.000
1188.842,155.771,73.000
1082.621,179.017,73.000
982.574,199.641,73.000
888.065,217.869,73.000
798.455,234.002,73.000
713.215,248.273,73.000
631.856,260.925,73.000
553.957,272.168,73.000
479.152,282.189,73.000
407.201,291.028,73.000
337.949,298.617,73.000
270.972,305.344,73.000
206.075,311.278,73.000
143.390,315.928,73.000
82.409,319.935,73.000
23.120,323.093,73.000
-34.488,325.174,73.000
-90.833,326.786,73.000
-145.619,327.066,73.000
-199.335,326.837,73.000
-251.896,325.687,73.000
-303.421,323.650,73.000
-354.124,321.047,73.000
-403.846,317.190,73.000
-452.996,312.992,73.000
-501.326,307.445,73.000
-549.184,301.374,73.000
-596.524,294.359,73.000
-643.405,286.292,73.000
-690.025,277.642,73.000
-736.227,267.369,73.000
-782.270,256.196,73.000
-828.215,244.034,73.000
-874.003,229.984,73.000
-919.792,214.255,73.000
-965.637,196.352,73.000
-1011.597,175.476,73.000
-1057.766,150.593,73.000
-1104.288,120.362,73.000
-1151.285,81.258,73.000
-1197.856,-6.624,73.000
1702.231,20.698,74.000
1556.008,63.909,74.000
1423.849,99.287,74.000
1302.123,129.478,74.000
1188.842,155.771,74.000
1082.621,179.017,74.000
982.574,199.641,74.000
888.065,217.869,74.000
798.455,234.002,74.000
713.215,248.273,74.000
631.856,260.925,74.000
553.957,272.168,74.000
479.152,282.189,74.000
407.201,291.028,74.000
337.949,298.617,74.000
270.972,305.344,74.000
206.075,311.278,74.000
143.390,315.928,74.000
82.409,319.935,74.000
23.120,323.093,74.000
-34.488,325.174,74.000
-90.833,326.786,74.000
-145.619,327.066,74.000
-199.335,326.837,74.000
-251.896,325.687,74.000
-303.421,323.650,74.000
-354.124,321.047,74.000
-403.846,317.190,74.000
-452.996,312.992,74.000
-501.326,307.445,74.000
-549.184,301.374,74.000
-596.524,294.359,74.000
-643.405,286.292,74.000
-690.025,277.642,74.000
-736.227,267.369,74.000
-782.270,256.196,74.000
-828.215,244.034,74.000
-874.003,229.984,74.000
-919.792,214.255,74.000
-965.637,196.352,74.000
-1011.597,175.476,74.000
-1057.766,150.593,74.000
-1104.288,120.362,74.000
-1151.285,81.258,74.000
-1197.856,-6.624,74.000
1702.231,20.698,75.000
1556.008,63.909,75.000
1423.849,99.287,75.000
1302.123,129.478,75.000
1188.842,155.771,75.000
1082.621,179.017,75.000
982.574,199.641,75.000
888.065,217.869,75.000
798.455,234.002,75.000
713.215,248.273,75.000
631.856,260.925,75.000
553.957,272.168,75.000
479.152,282.189,75.000
407.201,291.028,75.000
337.949,298.617,75.000
270.972,305.344,75.000
206.075,311.278,75.000
143.390,315.928,75.000
82.409,319.935,75.000
23.120,323.093,75.000
-34.488,325.174,75.000
-90.833,326.786,75.000
-145.619,327.066,75.000
-199.335,326.837,75.000
-251.896,325.687,75.000
-303.421,323.650,75.000
-354.124,321.047,75.000
-403.846,317.190,75.000
-452.996,312.992,75.000
-501.326,307.445,75.000
-549.184,301.374,75.000
-596.524,294.359,75.000
-643.405,286.292,75.000
-690.025,277.642,75.000
-736.227,267.369,75.000
-782.270,256.196,75.000
-828.215,244.034,75.000
-874.003,229.984,75.000
-919.792,214.255,75.000
-965.637,196.352,75.000
-1011.597,175.476,75.000
-1057.766,150.593,75.000
-1104.288,120.362,75.000
-1151.285,81.258,75.000
-1197.856,-6.624,75.000
1702.231,20.698,76.000
1556.008,63.909,76.000
1423.849,99.287,76.000
1302.123,129.478,76.000
1188.842,155.771,76.000
1082.621,179.017,76.000
982.574,199.641,76.000
888.065,217.869,76.000
798.455,234.002,76.000
713.215,248.273,76.000
631.856,260.925,76.000
553.957,272.168,76.000
479.152,282.189,76.000
407.201,291.028,76.000
337.949,298.617,76.000
270.972,305.344,76.000
206.075,311.278,76.000
143.390,315.928,76.000
82.409,319.935,76.000
23.120,323.093,76.000
-34.488,325.174,76.000
-90.833,326.786,76.000
-145.619,327.066,76.000
-199.335,326.837,76.000
-251.896,325.687,76.000
-303.421,323.650,76.000
-354.124,321.047,76.000
-403.846,317.190,76.000
-452.996,312.992,76.000
-501.326,307.445,76.000
-549.184,301.374,76.000
-596.524,294.359,76.000
-643.405,286.292,76.000
-690.025,277.642,76.000
-736.227,267.369,76.000
-782.270,256.196,76.000
-828.215,244.034,76.000
-874.003,229.984,76.000
-919.792,214.255,76.000
-965.637,196.352,76.000
-1011.597,175.476,76.000
-1057.766,150.593,76.000
-1104.288,120.362,76.000
-1151.285,81.258,76.000
-1197.856,-6.624,76.000
1702.231,20.698,77.000
1556.008,63.909,77.000
1423.849,99.287,77.000
1302.123,129.478,77.000
1188.842,155.771,77.000
1082.621,179.017,77.000
982.574,199.641,77.000
888.065,217.869,77.000
798.455,234.002,77.000
713.215,248.273,77.000
631.856,260.925,77.000
553.957,272.168,77.000
479.152,282.189,77.000
407.201,291.028,77.000
337.949,298.617,77.000
270.972,305.344,77.000
206.075,311.278,77.000
143.390,315.928,77.000
82.409,319.935,77.000
23.120,323.093,77.000
-34.488,325.174,77.000
-90.833,326.786,77.000
-145.619,327.066,77.000
-199.335,326.837,77.000
-251.896,325.687,77.000
-303.421,323.650,77.000
-354.124,321.047,77.000
-403.846,317.190,77.000
-452.996,312.992,77.000
-501.326,307.445,77.000
-549.184,301.374,77.000
-596.524,294.359,77.000
-643.405,286.292,77.000
-690.025,277.642,77.000
-736.227,267.369,77.000
-782.270,256.196,77.000
-828.215,244.034,77.000
-874.003,229.984,77.000
-919.792,214.255,77.000
-965.637,196.352,77.000
-1011.597,175.476,77.000
-1057.766,150.593,77.000
-1104.288,120.362,77.000
-1151.285,81.258,77.000
-1197.856,-6.624,77.000
